2,1,590.33,89.00,68.00,65.00,0.40,-1,-1,-1
3,1,572.67,105.33,74.00,75.33,0.43,-1,-1,-1
3,2,428.00,114.17,87.33,67.67,0.41,-1,-1,-1
4,1,534.33,125.92,92.67,106.08,0.49,-1,-1,-1
4,3,365.00,136.33,102.67,83.33,0.47,-1,-1,-1
5,1,458.67,173.83,128.67,125.00,0.47,-1,-1,-1
5,4,258.17,181.83,134.17,100.33,0.49,-1,-1,-1
5,5,467.00,81.29,86.00,75.71,0.46,-1,-1,-1
5,6,583.33,98.42,70.00,72.58,0.45,-1,-1,-1
6,1,246.83,283.67,241.83,232.67,0.47,-1,-1,-1
6,5,427.33,93.50,98.67,85.00,0.47,-1,-1,-1
6,7,543.33,125.33,88.00,87.33,0.47,-1,-1,-1
6,8,29.83,267.33,215.83,157.33,0.47,-1,-1,-1
7,7,566.00,124.67,72.00,67.50,0.42,-1,-1,-1
7,9,370.00,111.83,115.33,99.17,0.50,-1,-1,-1
7,10,463.00,175.67,124.00,121.33,0.47,-1,-1,-1
7,11,526.00,78.29,67.33,49.38,0.44,-1,-1,-1
8,10,497.33,174.67,98.67,93.00,0.47,-1,-1,-1
8,12,289.50,133.17,147.83,124.67,0.47,-1,-1,-1
8,13,496.67,91.92,75.33,55.17,0.47,-1,-1,-1
9,14,459.00,108.17,86.00,67.67,0.48,-1,-1,-1
9,15,334.00,285.83,170.67,167.83,0.47,-1,-1,-1
9,16,164.17,171.33,194.50,164.67,0.44,-1,-1,-1
10,17,404.33,132.50,105.33,81.00,0.49,-1,-1,-1
10,18,578.67,96.67,78.67,68.17,0.45,-1,-1,-1
10,19,0.67,250.67,219.50,249.33,0.45,-1,-1,-1
11,20,315.17,166.67,140.17,99.00,0.52,-1,-1,-1
11,21,522.33,131.00,104.00,88.00,0.48,-1,-1,-1
12,22,176.50,224.83,195.50,138.17,0.47,-1,-1,-1
12,23,426.00,195.33,147.33,123.33,0.46,-1,-1,-1
13,24,1.25,334.33,208.75,250.67,0.42,-1,-1,-1
13,25,126.83,361.00,311.17,286.67,0.41,-1,-1,-1
15,26,474.00,89.33,79.33,59.50,0.43,-1,-1,-1
16,27,543.00,123.92,80.67,76.75,0.48,-1,-1,-1
16,28,388.67,120.33,104.67,81.00,0.48,-1,-1,-1
16,29,967.33,341.33,204.00,169.33,0.45,-1,-1,-1
17,30,458.67,176.50,112.67,102.33,0.50,-1,-1,-1
17,31,896.00,178.17,109.33,97.33,0.49,-1,-1,-1
17,32,233.00,176.17,159.67,115.33,0.47,-1,-1,-1
18,33,0.92,294.17,185.42,210.50,0.48,-1,-1,-1
18,34,262.67,286.67,205.33,185.33,0.44,-1,-1,-1
18,35,1067.33,393.00,212.00,212.67,0.44,-1,-1,-1
18,36,354.00,139.83,104.67,79.67,0.43,-1,-1,-1
19,37,922.67,198.00,120.00,97.00,0.48,-1,-1,-1
19,38,140.25,222.50,172.75,129.83,0.46,-1,-1,-1
19,39,1127.33,585.33,152.00,134.67,0.43,-1,-1,-1
20,40,964.67,284.33,146.67,116.00,0.52,-1,-1,-1
20,41,518.00,140.00,95.33,82.33,0.48,-1,-1,-1
21,42,381.00,224.50,156.00,134.83,0.48,-1,-1,-1
21,43,898.00,175.17,92.00,73.33,0.47,-1,-1,-1
22,44,1049.33,373.33,224.00,172.00,0.49,-1,-1,-1
22,45,1.42,486.67,302.58,228.67,0.47,-1,-1,-1
23,46,950.00,213.67,122.67,91.33,0.48,-1,-1,-1
24,47,897.33,142.50,81.33,63.00,0.44,-1,-1,-1
25,48,1001.33,330.33,204.00,159.33,0.48,-1,-1,-1
25,49,617.33,118.33,77.33,74.00,0.47,-1,-1,-1
26,49,620.00,125.00,88.67,76.33,0.45,-1,-1,-1
26,50,912.00,191.50,110.67,90.00,0.50,-1,-1,-1
27,49,625.33,129.08,95.33,76.92,0.46,-1,-1,-1
27,51,868.00,129.83,74.67,66.50,0.47,-1,-1,-1
27,52,1122.67,487.00,156.00,223.67,0.45,-1,-1,-1
28,49,632.00,133.67,104.00,80.67,0.45,-1,-1,-1
28,53,971.33,258.00,141.33,105.00,0.52,-1,-1,-1
28,54,841.33,93.25,57.33,46.83,0.45,-1,-1,-1
29,49,642.33,136.33,110.33,83.33,0.47,-1,-1,-1
29,55,910.00,165.42,89.33,71.08,0.47,-1,-1,-1
29,56,827.33,69.67,45.33,38.17,0.41,-1,-1,-1
30,49,652.67,142.17,116.00,84.67,0.48,-1,-1,-1
30,57,1118.00,512.67,161.33,204.67,0.45,-1,-1,-1
30,58,876.00,119.83,62.67,47.33,0.40,-1,-1,-1
31,49,667.33,148.50,121.33,83.67,0.47,-1,-1,-1
31,59,960.00,257.67,134.67,103.33,0.50,-1,-1,-1
31,60,492.33,84.25,71.33,54.83,0.46,-1,-1,-1
32,49,681.33,153.17,136.00,86.67,0.47,-1,-1,-1
32,61,365.67,134.92,115.33,85.42,0.49,-1,-1,-1
32,62,894.67,163.83,84.00,65.33,0.46,-1,-1,-1
33,49,732.00,166.00,146.67,91.00,0.50,-1,-1,-1
33,63,29.42,258.67,252.58,190.00,0.48,-1,-1,-1
33,64,861.33,116.50,60.00,45.67,0.41,-1,-1,-1
34,49,822.67,191.00,169.33,95.67,0.47,-1,-1,-1
35,49,970.00,218.00,185.33,99.00,0.47,-1,-1,-1
36,65,690.00,115.92,128.00,67.75,0.47,-1,-1,-1
37,66,771.33,121.25,121.33,65.58,0.47,-1,-1,-1
38,66,834.67,120.67,93.33,55.17,0.47,-1,-1,-1
38,67,1131.33,585.33,148.00,134.67,0.45,-1,-1,-1
39,68,976.00,302.50,162.67,131.83,0.46,-1,-1,-1
39,69,874.67,118.25,73.33,47.83,0.41,-1,-1,-1
40,69,898.00,111.83,57.33,41.50,0.37,-1,-1,-1
40,70,914.67,198.00,106.67,83.33,0.47,-1,-1,-1
41,71,1024.00,382.33,220.00,176.00,0.47,-1,-1,-1
42,72,941.33,235.83,124.00,93.00,0.49,-1,-1,-1
43,73,893.33,169.67,90.67,67.67,0.48,-1,-1,-1
43,74,846.00,108.42,58.67,40.83,0.40,-1,-1,-1
44,75,293.33,466.00,335.33,254.00,0.46,-1,-1,-1
44,76,851.33,129.67,73.33,54.33,0.44,-1,-1,-1
45,77,103.25,292.83,222.08,171.83,0.45,-1,-1,-1
46,78,998.00,334.83,194.67,134.50,0.47,-1,-1,-1
46,79,0.00,188.83,130.67,116.00,0.47,-1,-1,-1
47,80,225.67,468.00,329.33,252.00,0.47,-1,-1,-1
47,81,892.00,175.67,101.33,69.00,0.46,-1,-1,-1
48,82,69.25,305.67,224.42,153.33,0.49,-1,-1,-1
49,83,0.29,208.00,119.71,109.00,0.48,-1,-1,-1
50,84,143.58,458.33,282.75,261.00,0.44,-1,-1,-1
51,85,1041.33,405.00,238.67,216.67,0.48,-1,-1,-1
51,86,10.83,285.00,184.17,144.00,0.46,-1,-1,-1
52,87,907.33,205.67,118.67,93.67,0.47,-1,-1,-1
52,88,0.00,180.67,59.00,103.00,0.42,-1,-1,-1
53,89,239.67,399.33,277.33,232.00,0.48,-1,-1,-1
53,90,846.00,129.25,74.67,59.08,0.41,-1,-1,-1
54,91,79.50,259.17,193.67,132.17,0.48,-1,-1,-1
54,92,811.33,88.25,54.67,46.00,0.40,-1,-1,-1
55,93,0.00,177.83,105.08,93.33,0.49,-1,-1,-1
55,94,342.00,408.67,283.33,222.67,0.46,-1,-1,-1
56,95,141.17,271.00,212.83,127.33,0.48,-1,-1,-1
57,96,12.25,190.83,146.50,93.33,0.50,-1,-1,-1
58,97,910.67,217.67,140.00,104.00,0.45,-1,-1,-1
59,98,830.00,132.92,85.33,73.25,0.44,-1,-1,-1
61,99,970.67,319.50,212.00,169.17,0.48,-1,-1,-1
61,100,372.67,432.67,308.00,243.33,0.46,-1,-1,-1
61,101,774.00,64.29,46.67,41.21,0.41,-1,-1,-1
62,102,878.67,182.83,114.67,92.00,0.50,-1,-1,-1
62,103,152.08,288.67,229.58,147.33,0.49,-1,-1,-1
63,104,9.50,204.83,164.67,105.00,0.50,-1,-1,-1
63,105,828.00,123.08,78.67,62.92,0.47,-1,-1,-1
64,106,793.33,85.75,58.67,48.33,0.44,-1,-1,-1
64,107,0.00,152.08,37.46,67.92,0.43,-1,-1,-1
68,108,1096.00,224.17,168.00,113.33,0.46,-1,-1,-1
69,109,932.67,248.33,210.67,139.67,0.47,-1,-1,-1
70,110,714.67,278.33,276.00,211.33,0.42,-1,-1,-1
73,111,1024.00,152.50,253.33,209.50,0.43,-1,-1,-1
74,111,848.00,149.67,425.33,278.33,0.33,-1,-1,-1
75,111,572.67,176.50,501.33,344.17,0.14,-1,-1,-1
94,112,473.00,141.17,131.33,125.00,0.46,-1,-1,-1
95,113,321.83,214.83,212.17,203.17,0.40,-1,-1,-1
96,114,0.17,407.33,355.83,271.33,0.41,-1,-1,-1
97,115,325.67,157.42,132.00,96.92,0.50,-1,-1,-1
98,116,120.92,236.67,203.08,153.00,0.48,-1,-1,-1
98,117,535.33,115.67,92.67,94.33,0.47,-1,-1,-1
98,118,303.50,127.00,105.83,84.67,0.47,-1,-1,-1
98,119,524.67,81.00,64.67,47.33,0.41,-1,-1,-1
99,120,216.00,160.00,138.33,102.00,0.50,-1,-1,-1
99,121,474.00,103.42,80.00,57.67,0.47,-1,-1,-1
99,122,452.00,159.50,128.67,123.00,0.45,-1,-1,-1
100,123,406.00,133.75,103.33,73.08,0.49,-1,-1,-1
100,124,266.50,246.50,216.17,220.83,0.49,-1,-1,-1
100,125,58.92,217.00,192.08,140.00,0.48,-1,-1,-1
101,126,305.33,174.50,142.00,96.67,0.52,-1,-1,-1
101,127,922.67,278.67,170.67,137.33,0.46,-1,-1,-1
102,128,133.17,249.67,210.17,149.33,0.48,-1,-1,-1
103,129,484.33,163.25,116.00,96.08,0.48,-1,-1,-1
103,130,1.67,413.67,138.33,250.00,0.43,-1,-1,-1
104,131,283.33,296.33,212.67,182.67,0.48,-1,-1,-1
105,132,529.33,143.67,96.00,84.00,0.49,-1,-1,-1
106,133,384.33,243.83,166.00,145.50,0.43,-1,-1,-1
107,134,394.67,130.00,101.33,88.00,0.42,-1,-1,-1
108,135,183.50,216.33,179.17,141.33,0.47,-1,-1,-1
109,136,1028.00,409.67,240.00,194.67,0.46,-1,-1,-1
110,137,929.33,223.33,121.33,91.67,0.49,-1,-1,-1
111,138,860.67,254.33,140.00,112.67,0.52,-1,-1,-1
111,139,880.00,142.50,81.33,59.33,0.40,-1,-1,-1
116,140,976.67,299.17,164.00,131.17,0.47,-1,-1,-1
117,141,886.00,156.00,78.67,67.67,0.47,-1,-1,-1
121,142,1044.67,409.33,235.33,241.33,0.44,-1,-1,-1
122,143,915.33,195.83,118.67,99.00,0.51,-1,-1,-1
123,144,862.00,120.75,74.67,64.92,0.42,-1,-1,-1
124,145,1030.67,381.67,249.33,222.67,0.42,-1,-1,-1
125,146,910.67,182.67,109.33,97.33,0.50,-1,-1,-1
126,147,862.67,114.83,68.00,57.67,0.46,-1,-1,-1
127,148,1042.67,371.33,225.33,183.33,0.46,-1,-1,-1
128,149,912.67,163.92,92.00,76.25,0.46,-1,-1,-1
130,150,193.33,379.67,238.67,182.00,0.49,-1,-1,-1
131,151,79.08,267.00,176.58,121.33,0.48,-1,-1,-1
132,152,0.38,189.83,125.29,89.33,0.48,-1,-1,-1
133,153,119.33,248.83,285.33,298.50,0.40,-1,-1,-1
134,154,25.17,170.17,213.67,201.17,0.46,-1,-1,-1
136,155,215.17,405.33,251.50,197.33,0.46,-1,-1,-1
137,156,79.67,259.33,171.17,117.33,0.47,-1,-1,-1
138,157,0.00,181.17,112.33,80.33,0.48,-1,-1,-1
138,158,130.33,435.33,295.33,252.67,0.48,-1,-1,-1
139,159,0.00,274.00,167.67,134.00,0.44,-1,-1,-1
140,160,1034.67,345.00,220.00,178.00,0.48,-1,-1,-1
140,161,0.00,173.50,29.06,91.33,0.42,-1,-1,-1
141,162,936.00,212.33,128.00,102.67,0.50,-1,-1,-1
142,163,884.67,144.58,84.00,74.08,0.48,-1,-1,-1
143,164,1133.33,536.67,146.67,182.00,0.48,-1,-1,-1
143,165,854.67,108.75,64.00,54.83,0.41,-1,-1,-1
144,166,980.67,287.33,172.00,137.33,0.46,-1,-1,-1
145,167,914.67,182.17,105.33,94.67,0.50,-1,-1,-1
146,168,879.33,133.50,74.67,59.67,0.47,-1,-1,-1
147,169,856.00,104.00,58.67,49.33,0.43,-1,-1,-1
169,170,506.33,83.33,70.67,50.00,0.40,-1,-1,-1
170,170,507.33,82.00,70.00,52.67,0.40,-1,-1,-1
171,170,507.33,81.92,69.33,51.83,0.39,-1,-1,-1
172,170,508.00,83.08,68.00,50.50,0.41,-1,-1,-1
173,170,508.33,83.08,67.33,50.50,0.42,-1,-1,-1
174,170,508.00,83.00,68.00,50.67,0.40,-1,-1,-1
175,170,508.00,82.92,68.00,50.67,0.41,-1,-1,-1
176,170,508.00,82.83,68.67,50.67,0.38,-1,-1,-1
177,170,508.33,83.08,68.67,50.33,0.38,-1,-1,-1
178,170,507.67,83.17,70.67,50.33,0.38,-1,-1,-1
179,170,507.33,82.83,70.67,50.67,0.36,-1,-1,-1
180,170,506.33,80.58,71.33,53.33,0.33,-1,-1,-1
181,170,506.67,80.71,70.00,52.63,0.36,-1,-1,-1
182,170,506.00,83.75,70.67,52.83,0.24,-1,-1,-1
183,170,503.33,86.33,71.33,51.83,0.38,-1,-1,-1
184,170,488.33,91.33,73.33,53.67,0.40,-1,-1,-1
185,170,461.00,104.08,81.33,59.50,0.44,-1,-1,-1
186,170,416.33,121.83,98.00,70.67,0.48,-1,-1,-1
187,171,345.00,151.67,123.33,87.33,0.47,-1,-1,-1
188,172,227.33,202.83,165.00,118.00,0.46,-1,-1,-1
189,173,1.25,297.67,256.75,178.00,0.48,-1,-1,-1
190,174,478.67,144.67,105.33,123.33,0.49,-1,-1,-1
191,175,380.67,204.00,148.67,165.00,0.48,-1,-1,-1
191,176,542.67,130.92,89.33,77.42,0.44,-1,-1,-1
191,177,470.67,100.00,82.67,65.00,0.42,-1,-1,-1
192,178,489.00,165.50,110.67,100.00,0.50,-1,-1,-1
192,179,421.00,127.58,97.33,76.25,0.49,-1,-1,-1
192,180,140.58,333.50,261.42,278.50,0.45,-1,-1,-1
193,181,332.67,163.33,132.00,94.67,0.49,-1,-1,-1
193,182,543.33,133.17,90.67,75.33,0.48,-1,-1,-1
193,183,384.33,230.33,157.33,140.00,0.47,-1,-1,-1
193,184,487.33,81.04,80.67,71.12,0.46,-1,-1,-1
194,184,449.33,92.83,93.33,85.83,0.48,-1,-1,-1
194,185,485.33,177.17,114.67,99.67,0.50,-1,-1,-1
194,186,142.58,370.67,280.75,260.67,0.48,-1,-1,-1
194,187,177.33,230.83,190.00,134.83,0.47,-1,-1,-1
194,188,591.67,89.00,67.33,60.33,0.46,-1,-1,-1
194,189,529.33,74.96,60.00,47.54,0.41,-1,-1,-1
195,184,395.00,113.00,112.67,95.00,0.50,-1,-1,-1
195,189,504.00,87.50,67.33,48.00,0.45,-1,-1,-1
195,190,558.33,111.17,78.00,78.83,0.50,-1,-1,-1
195,191,359.67,261.67,176.00,162.67,0.44,-1,-1,-1
196,184,308.17,142.33,147.83,113.67,0.48,-1,-1,-1
196,189,468.00,103.25,80.00,58.50,0.49,-1,-1,-1
196,192,498.33,147.67,105.33,102.00,0.50,-1,-1,-1
197,184,163.08,188.67,208.58,162.00,0.47,-1,-1,-1
197,194,383.33,214.17,156.00,153.50,0.48,-1,-1,-1
198,195,338.67,155.17,122.67,85.00,0.51,-1,-1,-1
198,196,1061.33,401.33,218.67,185.33,0.48,-1,-1,-1
199,197,948.67,222.33,118.67,92.33,0.50,-1,-1,-1
199,198,213.17,203.83,169.83,117.00,0.48,-1,-1,-1
200,199,0.00,298.00,238.67,189.33,0.50,-1,-1,-1
200,200,1134.67,562.33,145.33,157.67,0.47,-1,-1,-1
200,202,551.67,110.33,82.00,80.67,0.45,-1,-1,-1
200,203,892.67,146.50,76.00,62.33,0.43,-1,-1,-1
201,204,416.67,179.17,141.33,128.33,0.47,-1,-1,-1
201,205,969.33,281.67,154.67,123.33,0.47,-1,-1,-1
201,206,303.17,165.08,138.17,99.58,0.47,-1,-1,-1
202,207,900.67,175.17,92.00,74.00,0.50,-1,-1,-1
202,208,98.42,246.67,214.92,152.67,0.47,-1,-1,-1
202,209,499.33,141.67,117.33,113.33,0.47,-1,-1,-1
202,210,405.33,133.67,95.33,64.00,0.46,-1,-1,-1
202,211,510.00,71.75,68.00,59.83,0.43,-1,-1,-1
203,212,465.33,94.67,82.00,69.33,0.49,-1,-1,-1
203,213,288.17,174.67,137.83,95.67,0.48,-1,-1,-1
203,214,253.50,275.83,240.50,212.83,0.47,-1,-1,-1
203,215,863.33,123.50,65.33,50.50,0.41,-1,-1,-1
204,216,394.00,125.17,106.00,80.83,0.49,-1,-1,-1
204,217,1016.67,367.00,213.33,168.67,0.48,-1,-1,-1
204,218,68.42,266.17,218.92,159.83,0.47,-1,-1,-1
204,219,534.67,136.50,91.33,85.33,0.47,-1,-1,-1
204,220,517.67,78.42,66.00,51.50,0.41,-1,-1,-1
204,221,838.67,91.50,50.67,39.50,0.40,-1,-1,-1
205,222,918.67,211.00,110.67,84.33,0.48,-1,-1,-1
205,223,379.67,235.83,162.00,136.17,0.47,-1,-1,-1
205,224,473.67,100.92,78.67,56.17,0.46,-1,-1,-1
205,225,264.50,174.83,154.83,111.67,0.45,-1,-1,-1
206,226,399.33,132.00,103.33,75.00,0.48,-1,-1,-1
206,227,1026.00,391.33,254.00,213.33,0.47,-1,-1,-1
206,228,3.08,543.00,277.92,167.00,0.47,-1,-1,-1
206,229,0.00,277.50,258.33,201.17,0.45,-1,-1,-1
206,230,861.33,140.42,76.00,56.42,0.44,-1,-1,-1
207,231,268.17,181.67,152.50,105.67,0.51,-1,-1,-1
207,232,922.67,212.33,136.00,108.33,0.47,-1,-1,-1
207,233,451.00,55.62,104.00,92.38,0.46,-1,-1,-1
208,234,327.00,68.71,158.67,135.62,0.48,-1,-1,-1
208,235,1.67,286.83,262.33,181.83,0.46,-1,-1,-1
208,236,567.00,102.42,75.33,65.58,0.44,-1,-1,-1
208,237,874.00,137.83,90.67,70.67,0.43,-1,-1,-1
209,238,494.00,146.33,108.67,93.33,0.49,-1,-1,-1
209,239,80.17,123.17,261.83,199.67,0.42,-1,-1,-1
210,240,325.83,238.50,194.17,149.50,0.47,-1,-1,-1
211,241,2.83,457.00,268.67,249.00,0.41,-1,-1,-1
219,242,1033.33,352.00,194.67,154.00,0.47,-1,-1,-1
220,243,946.00,214.67,110.67,89.33,0.48,-1,-1,-1
220,244,315.00,526.00,313.33,192.00,0.41,-1,-1,-1
221,245,124.00,303.00,214.33,160.67,0.48,-1,-1,-1
221,246,894.00,148.33,82.67,65.33,0.41,-1,-1,-1
222,247,0.12,191.00,120.38,95.67,0.51,-1,-1,-1
223,248,1125.33,324.33,154.67,123.33,0.47,-1,-1,-1
223,249,356.67,600.00,294.00,120.00,0.41,-1,-1,-1
224,250,158.00,371.33,256.00,192.67,0.48,-1,-1,-1
225,251,981.33,364.00,205.33,183.33,0.49,-1,-1,-1
225,252,17.75,243.17,170.92,118.50,0.47,-1,-1,-1
226,253,892.00,194.50,101.33,78.67,0.48,-1,-1,-1
226,254,0.00,163.67,49.83,85.00,0.42,-1,-1,-1
228,255,250.33,402.67,300.00,255.33,0.45,-1,-1,-1
229,256,59.33,258.50,214.00,147.50,0.47,-1,-1,-1
229,257,1169.33,329.83,110.67,136.83,0.46,-1,-1,-1
230,258,0.23,179.33,82.77,95.00,0.49,-1,-1,-1
230,259,1060.67,223.17,134.67,93.67,0.47,-1,-1,-1
231,260,116.83,354.33,241.17,199.33,0.48,-1,-1,-1
231,261,1142.00,502.33,137.33,211.67,0.46,-1,-1,-1
231,262,999.33,167.67,105.33,71.67,0.44,-1,-1,-1
232,263,393.33,487.00,309.33,233.00,0.48,-1,-1,-1
232,264,0.00,227.33,155.17,119.67,0.48,-1,-1,-1
232,265,1000.67,287.83,176.00,133.50,0.47,-1,-1,-1
232,266,962.00,135.58,80.00,52.75,0.41,-1,-1,-1
233,265,978.00,329.33,221.33,170.00,0.47,-1,-1,-1
233,267,931.33,190.17,113.33,91.33,0.50,-1,-1,-1
233,268,177.00,291.67,224.33,140.67,0.48,-1,-1,-1
234,265,891.33,137.75,82.67,58.92,0.46,-1,-1,-1
234,269,856.67,190.00,120.00,90.33,0.48,-1,-1,-1
234,270,22.75,194.67,154.58,97.67,0.46,-1,-1,-1
234,271,1101.33,589.67,178.67,130.33,0.41,-1,-1,-1
235,272,936.67,308.00,177.33,140.67,0.46,-1,-1,-1
235,273,794.67,118.50,74.67,65.67,0.45,-1,-1,-1
236,274,861.33,190.83,106.67,83.00,0.48,-1,-1,-1
237,275,818.00,130.50,76.00,58.67,0.47,-1,-1,-1
238,276,872.67,227.00,145.33,111.67,0.50,-1,-1,-1
239,277,820.00,130.25,82.67,68.75,0.44,-1,-1,-1
253,278,1048.67,167.67,149.33,61.33,0.44,-1,-1,-1
255,279,900.67,120.67,94.67,51.83,0.46,-1,-1,-1
256,280,524.00,73.50,64.00,52.50,0.45,-1,-1,-1
256,281,861.33,101.67,68.00,43.17,0.44,-1,-1,-1
257,280,521.67,74.17,64.00,54.33,0.42,-1,-1,-1
258,280,522.00,74.92,64.00,52.67,0.41,-1,-1,-1
259,280,521.67,74.92,64.00,55.83,0.36,-1,-1,-1
260,280,521.33,75.21,64.00,59.13,0.40,-1,-1,-1
261,280,522.00,73.62,64.00,58.71,0.40,-1,-1,-1
262,280,522.00,73.75,63.33,58.17,0.41,-1,-1,-1
263,280,522.00,75.42,62.67,57.00,0.41,-1,-1,-1
264,280,522.33,75.04,62.67,57.62,0.41,-1,-1,-1
265,280,522.67,73.29,62.67,58.71,0.43,-1,-1,-1
266,280,523.33,74.75,62.67,57.00,0.40,-1,-1,-1
266,282,1093.33,280.67,169.33,119.33,0.44,-1,-1,-1
267,280,522.67,76.08,62.67,58.83,0.44,-1,-1,-1
267,283,834.00,349.67,257.33,184.67,0.46,-1,-1,-1
268,280,522.33,74.54,62.67,61.46,0.45,-1,-1,-1
269,280,522.00,73.75,62.67,62.50,0.44,-1,-1,-1
270,280,522.67,74.92,62.67,59.67,0.41,-1,-1,-1
271,280,520.00,75.71,63.33,61.46,0.44,-1,-1,-1
272,280,508.33,82.17,68.67,60.50,0.44,-1,-1,-1
273,280,483.67,91.67,76.00,71.17,0.47,-1,-1,-1
274,280,437.33,107.00,92.00,85.33,0.49,-1,-1,-1
274,284,578.33,98.67,66.00,77.17,0.43,-1,-1,-1
275,280,356.00,135.67,118.67,96.00,0.50,-1,-1,-1
275,285,541.67,125.50,80.00,88.00,0.48,-1,-1,-1
276,280,198.00,192.50,176.67,137.67,0.48,-1,-1,-1
276,286,469.33,168.33,110.00,118.00,0.52,-1,-1,-1
276,287,472.00,108.42,78.67,54.00,0.42,-1,-1,-1
277,288,400.67,136.25,102.67,81.08,0.48,-1,-1,-1
277,289,313.67,261.33,179.33,194.67,0.44,-1,-1,-1
278,290,263.00,191.00,154.67,109.67,0.48,-1,-1,-1
278,291,557.00,123.75,79.33,77.25,0.48,-1,-1,-1
279,292,459.00,189.83,122.00,109.67,0.52,-1,-1,-1
279,293,0.00,323.67,238.67,194.00,0.48,-1,-1,-1
279,294,468.67,106.42,81.33,61.33,0.44,-1,-1,-1
280,295,385.00,142.00,111.33,86.00,0.48,-1,-1,-1
280,296,187.83,361.00,256.83,257.33,0.43,-1,-1,-1
281,297,215.50,216.33,179.83,131.33,0.47,-1,-1,-1
284,298,968.00,279.17,168.00,138.17,0.48,-1,-1,-1
284,299,450.67,100.67,86.00,62.83,0.47,-1,-1,-1
285,300,319.33,144.67,132.00,95.00,0.50,-1,-1,-1
285,301,982.00,394.67,246.67,200.67,0.48,-1,-1,-1
285,302,892.67,157.50,92.00,78.33,0.48,-1,-1,-1
286,303,38.33,243.00,239.83,174.67,0.49,-1,-1,-1
286,304,542.67,119.17,90.00,88.17,0.48,-1,-1,-1
286,305,858.00,193.67,109.33,91.33,0.47,-1,-1,-1
286,306,855.33,106.08,62.67,51.67,0.45,-1,-1,-1
286,307,514.00,81.75,66.00,46.00,0.45,-1,-1,-1
287,308,426.00,117.08,91.33,63.42,0.48,-1,-1,-1
288,309,258.00,180.33,147.00,102.00,0.49,-1,-1,-1
289,310,555.33,111.00,80.67,74.67,0.42,-1,-1,-1
289,311,1.00,350.00,142.17,224.00,0.41,-1,-1,-1
290,312,366.00,143.50,113.33,81.33,0.46,-1,-1,-1
290,313,445.00,177.33,134.00,121.00,0.45,-1,-1,-1
291,314,136.58,236.50,201.42,136.83,0.46,-1,-1,-1
292,315,1081.33,396.00,198.67,201.33,0.47,-1,-1,-1
293,316,965.33,227.00,136.00,111.33,0.46,-1,-1,-1
294,317,909.33,154.67,88.00,74.33,0.46,-1,-1,-1
294,318,1026.67,408.00,252.00,193.33,0.45,-1,-1,-1
294,319,597.00,82.92,64.00,54.83,0.42,-1,-1,-1
295,320,928.67,230.83,133.33,98.00,0.51,-1,-1,-1
295,321,534.67,120.92,88.00,85.42,0.48,-1,-1,-1
295,322,876.67,114.08,66.67,51.83,0.42,-1,-1,-1
296,323,388.00,206.50,155.33,139.50,0.45,-1,-1,-1
296,324,883.33,153.42,86.67,69.92,0.44,-1,-1,-1
297,325,2.83,507.67,267.50,207.00,0.46,-1,-1,-1
299,326,1036.00,352.00,209.33,165.33,0.49,-1,-1,-1
300,327,944.00,209.83,113.33,84.67,0.48,-1,-1,-1
300,328,1097.33,506.00,181.33,212.67,0.45,-1,-1,-1
301,329,944.67,260.33,141.33,107.67,0.51,-1,-1,-1
301,330,896.67,143.17,77.33,57.33,0.45,-1,-1,-1
302,331,862.00,157.00,90.67,69.33,0.48,-1,-1,-1
302,332,1160.00,572.67,120.00,147.33,0.42,-1,-1,-1
302,333,866.67,107.08,57.33,40.83,0.41,-1,-1,-1
303,334,974.00,269.83,160.00,120.17,0.47,-1,-1,-1
304,335,898.67,160.17,93.33,72.67,0.49,-1,-1,-1
305,336,989.33,257.17,134.67,106.83,0.49,-1,-1,-1
305,337,859.33,109.33,62.67,47.33,0.43,-1,-1,-1
306,338,902.00,146.50,76.00,60.00,0.45,-1,-1,-1
307,339,858.00,97.83,53.33,42.83,0.44,-1,-1,-1
308,340,974.67,284.67,161.33,124.67,0.47,-1,-1,-1
309,341,892.00,168.83,96.00,70.00,0.49,-1,-1,-1
309,342,984.00,307.67,249.33,196.00,0.40,-1,-1,-1
310,341,861.33,150.25,124.00,99.08,0.41,-1,-1,-1
313,343,1020.67,363.33,222.67,176.00,0.48,-1,-1,-1
314,344,932.00,211.83,118.67,94.33,0.48,-1,-1,-1
315,345,886.00,142.67,80.00,61.67,0.48,-1,-1,-1
316,346,859.33,104.75,58.67,46.00,0.42,-1,-1,-1
317,347,80.42,309.00,232.58,154.67,0.48,-1,-1,-1
318,348,0.29,208.00,133.88,115.33,0.44,-1,-1,-1
319,349,293.83,422.67,306.17,286.00,0.43,-1,-1,-1
320,350,145.42,293.67,229.25,165.33,0.47,-1,-1,-1
321,351,16.75,208.17,175.58,119.00,0.47,-1,-1,-1
322,352,0.04,147.00,49.46,94.33,0.41,-1,-1,-1
357,353,0.08,171.67,127.50,107.00,0.45,-1,-1,-1
358,354,158.83,190.50,255.17,115.67,0.49,-1,-1,-1
359,355,499.00,204.00,259.67,115.33,0.49,-1,-1,-1
360,356,825.33,218.17,242.67,109.67,0.49,-1,-1,-1
363,357,5.08,192.17,164.83,95.00,0.44,-1,-1,-1
364,358,220.83,237.67,208.50,121.67,0.44,-1,-1,-1
365,359,532.33,284.33,299.67,159.33,0.46,-1,-1,-1
369,360,1.08,193.17,177.92,92.00,0.46,-1,-1,-1
370,361,254.00,241.50,256.67,136.50,0.47,-1,-1,-1
371,362,214.17,326.00,323.83,183.33,0.47,-1,-1,-1
378,363,0.00,196.00,141.33,84.00,0.47,-1,-1,-1
379,364,114.33,221.00,174.67,98.67,0.47,-1,-1,-1
380,365,224.00,245.00,199.33,114.67,0.47,-1,-1,-1
381,366,304.67,262.50,221.33,124.83,0.48,-1,-1,-1
381,367,0.00,267.17,169.83,125.17,0.45,-1,-1,-1
382,366,342.33,270.83,236.67,131.17,0.48,-1,-1,-1
382,367,39.67,290.00,230.67,142.00,0.46,-1,-1,-1
383,366,347.33,272.83,238.00,131.17,0.45,-1,-1,-1
383,367,97.00,307.67,251.33,150.67,0.47,-1,-1,-1
383,368,1172.00,212.33,108.00,87.33,0.47,-1,-1,-1
384,366,347.67,272.17,238.00,130.83,0.43,-1,-1,-1
384,367,123.00,315.00,255.33,159.33,0.47,-1,-1,-1
384,369,950.67,226.67,204.00,81.33,0.45,-1,-1,-1
385,366,347.33,268.00,238.67,134.67,0.46,-1,-1,-1
385,367,124.33,315.33,255.33,158.00,0.46,-1,-1,-1
386,366,347.00,271.17,238.67,131.50,0.44,-1,-1,-1
386,367,124.50,315.50,255.50,156.17,0.47,-1,-1,-1
386,370,412.67,205.00,169.33,67.67,0.46,-1,-1,-1
387,366,347.00,271.50,238.00,131.17,0.44,-1,-1,-1
387,367,124.67,315.67,255.33,156.67,0.47,-1,-1,-1
387,371,215.83,180.83,130.83,60.00,0.47,-1,-1,-1
388,366,347.00,271.83,238.00,130.83,0.44,-1,-1,-1
388,367,124.33,315.67,255.67,157.33,0.47,-1,-1,-1
389,366,348.00,272.50,237.33,131.83,0.43,-1,-1,-1
389,367,124.50,315.50,255.50,157.50,0.46,-1,-1,-1
390,366,348.00,272.67,237.33,131.33,0.43,-1,-1,-1
390,367,124.33,315.67,256.33,158.00,0.47,-1,-1,-1
391,366,347.67,272.50,238.00,131.83,0.43,-1,-1,-1
391,367,124.50,315.33,256.17,158.00,0.47,-1,-1,-1
392,366,348.00,272.50,238.00,131.50,0.43,-1,-1,-1
392,367,124.33,315.33,256.00,158.67,0.47,-1,-1,-1
393,366,347.67,272.00,237.33,130.67,0.44,-1,-1,-1
393,367,124.33,315.67,256.33,159.33,0.46,-1,-1,-1
394,366,347.33,272.00,238.00,131.00,0.43,-1,-1,-1
394,367,124.33,315.67,256.67,158.00,0.47,-1,-1,-1
395,366,347.33,272.00,238.00,131.00,0.43,-1,-1,-1
395,367,124.33,315.33,256.67,160.00,0.46,-1,-1,-1
396,366,347.33,271.83,237.33,131.17,0.44,-1,-1,-1
396,367,124.67,315.67,256.00,160.00,0.46,-1,-1,-1
397,366,348.00,272.50,238.00,131.50,0.43,-1,-1,-1
397,367,124.92,315.83,254.75,155.83,0.47,-1,-1,-1
398,366,347.67,272.83,238.67,131.17,0.43,-1,-1,-1
398,367,126.33,317.17,257.33,158.17,0.45,-1,-1,-1
399,366,346.33,271.67,239.33,130.00,0.43,-1,-1,-1
399,367,148.58,323.67,269.42,166.00,0.46,-1,-1,-1
400,366,346.67,272.17,238.00,127.17,0.46,-1,-1,-1
400,367,213.17,346.33,308.83,172.67,0.42,-1,-1,-1
401,366,357.00,274.00,240.00,136.67,0.46,-1,-1,-1
401,367,358.67,405.00,366.67,173.33,0.39,-1,-1,-1
402,366,383.67,280.00,250.00,139.33,0.48,-1,-1,-1
403,366,422.67,287.67,266.67,143.33,0.44,-1,-1,-1
404,366,470.67,298.33,288.67,153.33,0.48,-1,-1,-1
405,366,539.33,311.67,302.67,158.00,0.50,-1,-1,-1
405,372,790.67,271.00,294.67,102.33,0.40,-1,-1,-1
406,366,604.33,327.17,322.33,162.17,0.49,-1,-1,-1
406,373,342.33,178.33,127.33,55.67,0.43,-1,-1,-1
406,374,432.33,216.17,198.67,78.00,0.41,-1,-1,-1
407,366,658.00,334.67,342.67,168.00,0.48,-1,-1,-1
407,375,193.00,181.33,140.33,60.00,0.45,-1,-1,-1
408,366,708.67,338.33,358.67,174.00,0.48,-1,-1,-1
409,366,745.33,343.67,376.00,178.00,0.46,-1,-1,-1
409,376,267.67,163.75,127.33,58.75,0.45,-1,-1,-1
410,366,814.67,351.00,397.33,190.00,0.39,-1,-1,-1
410,377,785.33,232.33,240.00,82.33,0.42,-1,-1,-1
411,378,438.33,191.33,163.33,62.67,0.44,-1,-1,-1
412,379,1052.00,261.00,228.00,108.67,0.45,-1,-1,-1
413,380,51.08,141.83,108.83,42.33,0.40,-1,-1,-1
414,381,211.67,174.17,136.00,62.33,0.44,-1,-1,-1
434,382,0.00,178.00,78.75,86.00,0.44,-1,-1,-1
435,383,125.92,221.50,202.42,119.83,0.45,-1,-1,-1
436,384,386.00,268.67,290.67,156.67,0.48,-1,-1,-1
438,385,172.83,242.67,206.50,120.67,0.45,-1,-1,-1
438,386,1122.67,342.67,157.33,170.67,0.45,-1,-1,-1
439,387,514.67,311.67,324.67,182.00,0.46,-1,-1,-1
453,388,1134.67,212.17,145.33,90.00,0.43,-1,-1,-1
454,389,944.67,226.50,198.67,77.00,0.46,-1,-1,-1
455,390,730.00,219.17,188.00,73.00,0.41,-1,-1,-1
456,391,540.33,198.83,161.67,69.33,0.44,-1,-1,-1
457,392,378.67,181.67,131.33,58.33,0.46,-1,-1,-1
458,393,232.33,161.17,106.33,52.33,0.43,-1,-1,-1
459,394,87.25,228.33,178.75,93.00,0.45,-1,-1,-1
460,395,206.17,254.50,207.83,111.17,0.47,-1,-1,-1
461,396,295.00,273.33,234.67,126.00,0.47,-1,-1,-1
462,396,334.33,283.17,243.33,127.50,0.48,-1,-1,-1
462,397,1160.00,221.83,120.00,91.00,0.45,-1,-1,-1
463,396,340.00,284.50,243.33,127.50,0.48,-1,-1,-1
463,398,958.67,233.33,246.67,83.67,0.44,-1,-1,-1
464,396,340.00,284.33,244.00,128.00,0.48,-1,-1,-1
464,399,747.33,226.50,188.00,81.33,0.42,-1,-1,-1
465,396,339.33,284.67,245.33,128.00,0.48,-1,-1,-1
465,400,506.00,205.17,180.00,70.00,0.46,-1,-1,-1
466,396,339.33,284.67,244.67,129.33,0.48,-1,-1,-1
466,401,333.67,183.00,137.33,57.00,0.45,-1,-1,-1
467,396,341.33,284.33,246.67,128.00,0.47,-1,-1,-1
467,402,183.67,157.33,108.00,51.00,0.42,-1,-1,-1
468,396,364.67,290.00,254.67,132.67,0.46,-1,-1,-1
469,396,461.33,310.50,300.67,147.83,0.48,-1,-1,-1
470,396,697.33,362.67,384.00,192.67,0.43,-1,-1,-1
471,403,105.08,289.33,272.58,172.67,0.45,-1,-1,-1
472,404,272.67,332.83,327.33,209.17,0.48,-1,-1,-1
475,405,753.33,234.67,230.67,80.33,0.42,-1,-1,-1
476,406,451.33,197.00,160.00,61.00,0.44,-1,-1,-1
477,407,213.67,345.67,320.00,174.00,0.48,-1,-1,-1
477,408,237.33,168.00,130.67,52.67,0.46,-1,-1,-1
488,409,459.00,191.50,152.67,61.67,0.41,-1,-1,-1
491,410,341.67,181.67,154.67,57.00,0.44,-1,-1,-1
500,411,458.00,193.67,181.33,68.67,0.43,-1,-1,-1
501,412,198.50,158.25,123.00,54.92,0.41,-1,-1,-1
512,413,1197.33,215.33,82.67,87.33,0.40,-1,-1,-1
513,413,1056.67,224.50,222.67,81.33,0.46,-1,-1,-1
514,414,876.67,222.67,214.67,79.00,0.46,-1,-1,-1
515,415,673.33,213.00,196.00,70.33,0.42,-1,-1,-1
516,416,493.67,195.17,158.00,64.67,0.48,-1,-1,-1
517,417,340.33,177.83,134.67,56.33,0.45,-1,-1,-1
518,418,210.00,159.83,113.67,50.33,0.43,-1,-1,-1
522,419,0.67,252.67,173.00,149.00,0.43,-1,-1,-1
523,420,48.42,282.83,247.58,162.50,0.45,-1,-1,-1
524,420,91.50,296.67,265.83,176.67,0.48,-1,-1,-1
525,420,97.08,296.83,264.25,179.83,0.48,-1,-1,-1
525,421,0.00,180.17,84.33,85.33,0.44,-1,-1,-1
526,420,96.92,297.33,264.42,178.67,0.48,-1,-1,-1
526,422,35.50,201.83,171.67,92.67,0.44,-1,-1,-1
527,420,96.58,299.33,263.75,173.33,0.48,-1,-1,-1
527,423,135.08,222.17,188.92,104.67,0.45,-1,-1,-1
528,420,96.42,298.83,261.92,174.50,0.48,-1,-1,-1
528,424,220.67,241.50,213.00,115.17,0.46,-1,-1,-1
529,420,95.92,297.67,263.42,176.67,0.48,-1,-1,-1
529,424,277.00,252.17,228.67,134.83,0.47,-1,-1,-1
530,420,95.75,296.33,263.25,178.67,0.48,-1,-1,-1
530,424,310.67,257.67,238.00,144.33,0.47,-1,-1,-1
531,420,96.08,296.50,262.58,179.50,0.49,-1,-1,-1
531,424,325.33,262.67,248.00,147.00,0.45,-1,-1,-1
531,425,0.54,196.00,108.13,78.00,0.43,-1,-1,-1
532,420,96.08,296.33,262.58,185.33,0.49,-1,-1,-1
532,424,330.33,264.50,249.33,146.50,0.48,-1,-1,-1
532,425,25.00,211.33,164.00,85.33,0.36,-1,-1,-1
532,426,336.67,196.50,170.67,61.33,0.46,-1,-1,-1
533,420,96.08,299.33,262.25,187.33,0.48,-1,-1,-1
533,424,336.17,265.33,248.50,146.33,0.49,-1,-1,-1
533,425,59.96,217.00,169.71,84.67,0.45,-1,-1,-1
534,420,95.25,301.00,263.08,180.67,0.49,-1,-1,-1
534,424,342.33,267.67,253.33,146.67,0.45,-1,-1,-1
534,425,63.83,219.00,178.83,92.33,0.42,-1,-1,-1
535,420,98.67,301.33,271.00,185.33,0.46,-1,-1,-1
535,424,355.33,269.33,256.00,149.33,0.49,-1,-1,-1
535,425,69.42,219.33,174.25,96.67,0.43,-1,-1,-1
536,420,129.50,308.33,286.50,194.67,0.47,-1,-1,-1
536,424,379.00,273.17,264.67,152.83,0.48,-1,-1,-1
536,425,68.42,220.00,174.25,91.33,0.42,-1,-1,-1
537,420,254.00,344.67,334.00,226.67,0.39,-1,-1,-1
537,424,420.67,276.67,284.00,161.33,0.46,-1,-1,-1
537,425,68.17,219.67,175.33,90.67,0.43,-1,-1,-1
538,420,559.33,439.00,484.00,281.00,0.12,-1,-1,-1
538,424,490.33,290.83,317.00,154.83,0.49,-1,-1,-1
538,425,67.33,219.67,177.00,91.33,0.40,-1,-1,-1
538,427,1.67,258.67,227.67,153.67,0.43,-1,-1,-1
539,424,647.67,311.00,363.00,166.00,0.48,-1,-1,-1
539,425,92.25,223.17,173.42,97.67,0.43,-1,-1,-1
539,428,85.33,291.00,275.33,166.67,0.46,-1,-1,-1
540,424,925.33,314.50,354.67,161.17,0.48,-1,-1,-1
540,425,153.08,238.17,188.25,103.17,0.47,-1,-1,-1
541,425,270.83,264.00,236.50,126.00,0.48,-1,-1,-1
542,425,535.33,324.83,308.00,155.17,0.48,-1,-1,-1
542,429,4.92,221.00,176.08,95.33,0.46,-1,-1,-1
543,430,160.25,251.33,212.75,118.33,0.47,-1,-1,-1
544,431,390.00,303.17,304.67,149.50,0.48,-1,-1,-1
544,432,0.00,266.17,169.25,126.50,0.44,-1,-1,-1
551,433,0.38,198.67,125.79,78.67,0.44,-1,-1,-1
552,434,368.67,286.67,287.33,132.67,0.45,-1,-1,-1
554,435,45.33,279.33,244.67,166.00,0.45,-1,-1,-1
576,436,448.00,183.33,164.00,74.33,0.41,-1,-1,-1
578,437,168.17,174.00,146.67,60.33,0.45,-1,-1,-1
579,438,264.33,190.00,149.67,64.33,0.41,-1,-1,-1
582,439,16.12,201.67,167.88,90.33,0.41,-1,-1,-1
583,440,150.50,227.67,198.17,115.33,0.45,-1,-1,-1
584,441,262.00,249.33,228.00,132.33,0.48,-1,-1,-1
585,441,330.00,258.67,246.00,143.67,0.46,-1,-1,-1
586,441,350.67,264.00,252.00,148.67,0.46,-1,-1,-1
587,441,351.33,264.83,251.33,148.17,0.46,-1,-1,-1
588,441,351.67,264.83,252.00,148.83,0.46,-1,-1,-1
589,441,352.00,264.33,255.33,150.00,0.46,-1,-1,-1
590,441,351.33,265.50,254.00,148.50,0.46,-1,-1,-1
591,441,350.67,265.50,256.67,148.50,0.46,-1,-1,-1
592,441,351.33,265.17,255.33,148.83,0.46,-1,-1,-1
592,442,1053.33,217.50,204.00,80.00,0.45,-1,-1,-1
593,441,351.33,266.33,257.33,148.67,0.47,-1,-1,-1
594,441,351.33,265.17,256.67,149.17,0.46,-1,-1,-1
594,443,1100.67,213.17,179.33,94.33,0.47,-1,-1,-1
594,444,640.33,207.67,185.00,67.00,0.41,-1,-1,-1
595,441,351.33,265.83,254.00,149.17,0.46,-1,-1,-1
595,445,852.00,223.00,238.67,86.67,0.46,-1,-1,-1
595,446,470.00,189.17,150.00,61.33,0.45,-1,-1,-1
596,441,352.00,266.33,255.33,148.00,0.46,-1,-1,-1
596,447,317.83,172.50,132.17,54.00,0.43,-1,-1,-1
596,448,559.00,211.00,217.00,79.33,0.42,-1,-1,-1
597,441,352.00,265.33,250.67,149.33,0.46,-1,-1,-1
597,447,312.00,187.83,165.33,66.00,0.44,-1,-1,-1
597,449,182.33,155.67,108.33,48.67,0.42,-1,-1,-1
598,441,352.00,265.33,250.67,150.00,0.46,-1,-1,-1
598,450,121.33,164.50,122.33,56.33,0.41,-1,-1,-1
599,441,351.33,265.33,250.00,149.33,0.46,-1,-1,-1
600,441,351.33,265.50,250.00,148.83,0.46,-1,-1,-1
601,441,351.33,265.67,252.67,147.33,0.46,-1,-1,-1
602,441,351.33,266.17,251.33,147.17,0.46,-1,-1,-1
603,441,351.33,266.33,252.00,148.00,0.46,-1,-1,-1
604,441,353.00,266.33,251.33,147.33,0.47,-1,-1,-1
605,441,369.00,269.17,256.67,149.17,0.48,-1,-1,-1
606,441,416.33,278.67,272.33,151.33,0.48,-1,-1,-1
607,441,483.33,287.83,298.00,164.83,0.49,-1,-1,-1
608,441,567.33,308.50,329.33,167.17,0.49,-1,-1,-1
609,441,672.00,325.00,365.33,180.00,0.46,-1,-1,-1
609,451,1038.00,306.67,242.00,130.67,0.42,-1,-1,-1
610,441,790.67,338.33,400.00,192.67,0.33,-1,-1,-1
610,452,597.00,239.67,226.33,87.33,0.45,-1,-1,-1
611,441,904.00,352.67,376.00,198.67,0.41,-1,-1,-1
611,453,307.50,195.50,159.83,73.00,0.44,-1,-1,-1
611,454,980.00,227.83,220.00,105.33,0.42,-1,-1,-1
612,455,115.33,165.25,112.00,57.75,0.45,-1,-1,-1
612,456,1008.67,366.00,270.67,186.67,0.44,-1,-1,-1
613,456,1100.00,378.00,178.67,174.67,0.43,-1,-1,-1
613,457,848.67,249.17,233.33,81.33,0.46,-1,-1,-1
613,458,438.67,165.33,168.00,84.00,0.41,-1,-1,-1
614,456,1162.67,378.67,117.33,187.33,0.44,-1,-1,-1
614,459,256.17,150.58,115.17,68.75,0.43,-1,-1,-1
615,460,354.00,185.00,138.67,57.67,0.49,-1,-1,-1
616,461,908.67,239.33,257.33,95.00,0.44,-1,-1,-1
616,462,194.67,162.17,112.67,50.67,0.41,-1,-1,-1
617,463,594.33,200.33,180.33,80.67,0.45,-1,-1,-1
618,464,359.67,172.83,152.00,64.67,0.45,-1,-1,-1
619,465,795.33,230.83,229.33,84.00,0.41,-1,-1,-1
620,466,483.67,196.17,167.33,65.67,0.46,-1,-1,-1
621,447,312.00,187.83,165.33,66.00,0.42,-1,-1,-1
622,447,141.33,151.00,106.00,48.33,0.36,-1,-1,-1
622,467,858.67,247.00,249.33,87.00,0.43,-1,-1,-1
623,447,26.29,137.42,87.21,40.92,0.38,-1,-1,-1
623,468,548.67,204.83,176.00,73.00,0.44,-1,-1,-1
624,469,335.83,179.67,134.17,58.00,0.48,-1,-1,-1
625,470,196.33,319.33,306.67,166.67,0.46,-1,-1,-1
627,471,120.75,332.33,291.92,157.33,0.48,-1,-1,-1
637,472,0.50,226.33,176.50,98.67,0.42,-1,-1,-1
641,473,189.33,251.33,229.00,135.00,0.41,-1,-1,-1
650,474,0.00,260.83,114.67,128.50,0.43,-1,-1,-1
651,475,16.50,297.00,236.00,146.00,0.48,-1,-1,-1
652,475,77.42,315.17,256.25,155.83,0.49,-1,-1,-1
653,475,89.00,320.00,262.67,158.67,0.48,-1,-1,-1
654,475,88.92,320.17,263.08,155.83,0.48,-1,-1,-1
655,475,90.50,319.00,261.50,160.67,0.48,-1,-1,-1
655,476,0.06,188.83,81.27,72.00,0.45,-1,-1,-1
656,475,89.67,318.50,262.67,162.83,0.48,-1,-1,-1
656,477,1127.33,217.33,152.00,85.67,0.44,-1,-1,-1
657,475,90.00,319.67,261.33,160.67,0.48,-1,-1,-1
657,478,152.08,231.67,189.92,98.67,0.47,-1,-1,-1
657,479,962.67,226.00,213.33,83.67,0.44,-1,-1,-1
658,475,90.50,319.33,260.83,163.33,0.48,-1,-1,-1
658,480,251.00,251.67,216.67,111.67,0.48,-1,-1,-1
658,481,754.67,223.50,201.33,76.00,0.46,-1,-1,-1
659,475,91.42,319.17,260.58,164.17,0.48,-1,-1,-1
659,480,324.00,266.00,232.67,121.67,0.48,-1,-1,-1
659,482,546.33,207.00,169.67,72.00,0.46,-1,-1,-1
660,475,90.33,319.33,261.33,163.33,0.48,-1,-1,-1
660,480,357.00,273.50,244.00,127.17,0.49,-1,-1,-1
660,483,391.67,189.83,130.67,59.00,0.48,-1,-1,-1
661,475,90.83,319.33,261.17,162.67,0.48,-1,-1,-1
661,480,362.67,274.50,242.67,128.17,0.48,-1,-1,-1
661,484,251.67,170.67,112.67,52.67,0.42,-1,-1,-1
661,485,0.08,254.17,112.00,106.50,0.42,-1,-1,-1
662,475,90.67,319.33,261.33,162.67,0.48,-1,-1,-1
662,480,362.67,274.67,242.67,128.00,0.48,-1,-1,-1
662,485,0.29,255.00,115.21,109.67,0.43,-1,-1,-1
663,475,90.33,319.00,261.67,163.33,0.48,-1,-1,-1
663,480,362.00,274.50,244.00,128.17,0.48,-1,-1,-1
663,485,0.29,255.17,115.21,110.17,0.43,-1,-1,-1
664,475,90.83,319.00,261.17,162.67,0.48,-1,-1,-1
664,480,362.67,275.00,242.67,128.00,0.48,-1,-1,-1
664,485,0.21,255.50,115.79,109.83,0.43,-1,-1,-1
665,475,90.83,318.83,261.17,163.50,0.48,-1,-1,-1
665,480,362.67,274.33,244.00,128.67,0.48,-1,-1,-1
665,485,0.21,255.83,116.46,110.17,0.43,-1,-1,-1
666,475,91.00,318.83,261.00,163.50,0.48,-1,-1,-1
666,480,362.67,274.67,242.00,128.67,0.49,-1,-1,-1
666,485,0.29,255.17,115.21,110.17,0.43,-1,-1,-1
667,475,95.50,320.67,261.83,163.33,0.48,-1,-1,-1
667,480,362.67,274.67,243.33,128.67,0.48,-1,-1,-1
667,485,0.21,255.33,115.96,111.00,0.43,-1,-1,-1
668,475,116.42,326.00,265.92,169.33,0.49,-1,-1,-1
668,480,363.33,274.67,244.00,128.67,0.48,-1,-1,-1
668,485,0.21,256.00,122.79,111.67,0.40,-1,-1,-1
669,475,143.33,334.50,277.33,172.17,0.47,-1,-1,-1
669,480,364.00,275.00,243.33,128.00,0.48,-1,-1,-1
669,485,1.50,260.17,132.67,109.17,0.39,-1,-1,-1
670,475,170.17,344.67,285.17,169.33,0.49,-1,-1,-1
670,480,363.33,275.00,244.00,127.33,0.48,-1,-1,-1
670,485,0.08,260.67,146.08,119.33,0.39,-1,-1,-1
671,475,205.33,358.67,302.67,175.33,0.48,-1,-1,-1
671,480,364.33,275.33,244.67,127.33,0.47,-1,-1,-1
671,485,0.04,262.00,153.96,121.33,0.39,-1,-1,-1
672,475,267.67,373.33,338.00,198.00,0.50,-1,-1,-1
672,480,375.33,276.67,249.33,128.00,0.49,-1,-1,-1
672,485,0.25,263.17,163.50,125.17,0.40,-1,-1,-1
673,475,412.67,416.67,403.33,244.67,0.33,-1,-1,-1
673,480,403.00,282.00,262.00,132.67,0.48,-1,-1,-1
673,485,0.42,270.67,196.58,124.33,0.44,-1,-1,-1
674,480,451.33,292.17,273.33,135.83,0.49,-1,-1,-1
674,485,46.17,293.33,244.67,144.00,0.46,-1,-1,-1
675,480,510.33,304.00,288.33,143.33,0.48,-1,-1,-1
675,485,189.00,337.50,313.33,170.50,0.45,-1,-1,-1
676,480,579.00,321.50,318.33,144.83,0.49,-1,-1,-1
677,480,666.00,330.00,345.33,159.33,0.49,-1,-1,-1
677,486,390.00,200.83,178.67,84.00,0.44,-1,-1,-1
678,480,742.00,339.00,377.33,170.67,0.45,-1,-1,-1
678,487,172.67,171.00,137.33,66.33,0.47,-1,-1,-1
679,480,819.33,350.67,385.33,172.00,0.46,-1,-1,-1
679,488,3.83,144.75,112.08,63.42,0.42,-1,-1,-1
680,480,879.33,355.00,389.33,176.67,0.39,-1,-1,-1
681,480,902.67,357.33,377.33,179.33,0.37,-1,-1,-1
681,489,213.67,141.17,102.00,53.33,0.40,-1,-1,-1
682,480,914.67,360.33,365.33,178.67,0.42,-1,-1,-1
682,490,0.00,131.00,45.33,43.17,0.44,-1,-1,-1
682,491,568.67,217.33,244.00,99.00,0.41,-1,-1,-1
683,480,938.00,362.00,342.00,179.33,0.47,-1,-1,-1
684,480,963.33,363.67,316.67,176.00,0.49,-1,-1,-1
685,480,1014.00,369.33,265.33,170.67,0.44,-1,-1,-1
686,480,1103.33,374.67,176.00,157.33,0.45,-1,-1,-1
687,492,75.00,152.83,114.33,60.00,0.41,-1,-1,-1
692,493,590.00,238.17,196.00,84.00,0.45,-1,-1,-1
702,494,599.33,201.83,160.00,80.33,0.40,-1,-1,-1
703,495,296.67,159.17,133.33,69.33,0.45,-1,-1,-1
704,496,110.83,136.50,98.50,53.50,0.43,-1,-1,-1
714,497,81.42,304.17,253.58,157.83,0.42,-1,-1,-1
717,498,100.67,213.33,188.00,105.33,0.40,-1,-1,-1
718,499,239.67,239.00,224.67,133.33,0.47,-1,-1,-1
719,500,349.00,257.00,254.00,145.67,0.47,-1,-1,-1
720,500,404.00,268.00,270.00,151.33,0.49,-1,-1,-1
721,501,0.25,376.33,145.67,129.33,0.43,-1,-1,-1
722,501,0.00,396.00,122.50,164.00,0.45,-1,-1,-1
724,502,633.00,345.00,149.00,76.00,0.47,-1,-1,-1
725,503,521.00,312.67,77.33,45.33,0.48,-1,-1,-1
726,504,522.00,332.17,124.00,72.17,0.50,-1,-1,-1
726,505,467.33,299.50,46.00,30.33,0.47,-1,-1,-1
727,506,439.67,305.50,64.00,41.83,0.48,-1,-1,-1
728,507,402.67,294.17,40.67,28.33,0.48,-1,-1,-1
729,508,381.67,286.83,30.00,23.67,0.44,-1,-1,-1
735,509,0.04,392.00,97.13,169.33,0.45,-1,-1,-1
747,510,0.08,393.00,106.17,182.67,0.43,-1,-1,-1
750,511,42.79,327.00,105.71,90.00,0.42,-1,-1,-1
752,512,871.33,396.67,346.67,159.33,0.45,-1,-1,-1
753,513,530.67,310.50,94.00,53.50,0.48,-1,-1,-1
754,514,448.00,292.00,48.00,31.33,0.43,-1,-1,-1
761,515,549.33,325.17,107.33,60.83,0.48,-1,-1,-1
762,516,446.00,297.00,47.33,30.00,0.49,-1,-1,-1
763,517,410.67,286.83,25.33,20.00,0.44,-1,-1,-1
775,518,36.08,356.33,120.50,106.00,0.46,-1,-1,-1
776,519,0.00,381.00,120.17,144.67,0.45,-1,-1,-1
777,519,0.38,407.00,90.29,184.00,0.38,-1,-1,-1
777,520,889.33,387.33,273.33,143.33,0.47,-1,-1,-1
778,521,687.33,334.67,158.67,91.33,0.43,-1,-1,-1
779,522,570.00,312.83,98.67,60.17,0.49,-1,-1,-1
780,523,501.33,299.67,64.67,43.00,0.48,-1,-1,-1
781,524,458.00,293.17,46.00,31.67,0.44,-1,-1,-1
782,525,429.33,288.50,34.67,25.33,0.46,-1,-1,-1
805,526,82.46,331.00,113.71,92.67,0.40,-1,-1,-1
806,526,82.79,331.33,113.21,92.67,0.40,-1,-1,-1
807,526,81.12,331.83,113.04,96.50,0.37,-1,-1,-1
808,526,81.38,331.67,111.12,92.00,0.37,-1,-1,-1
809,526,80.92,331.67,111.42,89.33,0.39,-1,-1,-1
810,526,80.58,332.33,110.42,96.00,0.36,-1,-1,-1
811,526,79.46,334.50,110.88,105.17,0.22,-1,-1,-1
812,526,45.83,342.67,130.00,112.00,0.12,-1,-1,-1
813,526,0.58,359.00,152.08,159.33,0.43,-1,-1,-1
818,527,602.00,345.67,220.00,130.67,0.48,-1,-1,-1
819,528,471.67,309.00,96.00,66.00,0.49,-1,-1,-1
820,529,418.00,295.33,57.33,40.67,0.47,-1,-1,-1
821,530,391.33,287.67,39.33,30.00,0.45,-1,-1,-1
822,531,374.67,284.00,31.33,25.00,0.43,-1,-1,-1
823,532,598.67,333.00,176.00,115.33,0.47,-1,-1,-1
824,533,473.67,302.17,70.00,50.17,0.48,-1,-1,-1
825,534,428.33,289.67,42.00,31.33,0.46,-1,-1,-1
825,535,844.67,402.67,290.67,157.33,0.42,-1,-1,-1
826,536,537.67,316.00,81.33,51.33,0.48,-1,-1,-1
827,537,457.67,297.17,42.67,28.33,0.47,-1,-1,-1
828,538,418.67,287.50,29.33,22.00,0.44,-1,-1,-1
844,539,0.00,305.00,58.75,38.00,0.47,-1,-1,-1
849,540,543.33,328.83,168.00,111.50,0.47,-1,-1,-1
850,541,457.00,302.83,83.33,60.83,0.49,-1,-1,-1
851,542,412.67,292.50,56.00,39.67,0.48,-1,-1,-1
851,543,0.65,305.83,56.77,34.50,0.44,-1,-1,-1
852,544,384.67,287.33,40.00,29.33,0.42,-1,-1,-1
858,545,658.67,341.67,165.33,91.33,0.47,-1,-1,-1
859,546,496.00,304.33,70.67,45.67,0.48,-1,-1,-1
860,547,439.67,291.83,42.00,29.00,0.46,-1,-1,-1
861,548,410.67,285.17,30.00,23.00,0.42,-1,-1,-1
871,549,0.00,369.33,136.00,135.33,0.45,-1,-1,-1
909,550,0.04,345.33,146.29,129.33,0.45,-1,-1,-1
911,551,852.00,377.67,228.00,116.67,0.47,-1,-1,-1
912,552,565.33,316.33,94.67,53.33,0.48,-1,-1,-1
913,553,463.67,297.67,48.67,31.33,0.48,-1,-1,-1
914,554,416.33,288.00,32.67,23.00,0.44,-1,-1,-1
917,555,486.00,260.83,157.33,97.17,0.43,-1,-1,-1
918,556,442.00,266.00,94.67,62.33,0.46,-1,-1,-1
919,557,414.33,264.33,69.33,50.67,0.46,-1,-1,-1
920,558,394.67,264.33,50.00,40.33,0.42,-1,-1,-1
921,558,380.00,263.83,40.67,35.00,0.40,-1,-1,-1
922,558,370.00,264.50,37.33,30.33,0.29,-1,-1,-1
941,559,589.33,346.67,204.00,107.33,0.48,-1,-1,-1
942,560,476.00,315.33,98.67,56.00,0.49,-1,-1,-1
943,561,426.67,299.17,60.00,38.00,0.48,-1,-1,-1
944,562,922.00,445.00,353.33,182.67,0.48,-1,-1,-1
944,563,401.33,291.67,42.00,29.00,0.47,-1,-1,-1
945,564,604.00,340.67,148.00,82.00,0.48,-1,-1,-1
945,565,385.00,287.17,34.67,24.67,0.42,-1,-1,-1
946,565,375.33,284.17,28.67,20.33,0.31,-1,-1,-1
946,566,506.00,310.50,77.33,49.17,0.49,-1,-1,-1
947,565,367.33,282.83,23.33,16.67,0.34,-1,-1,-1
947,567,461.33,297.83,51.33,35.33,0.48,-1,-1,-1
948,565,361.33,280.33,20.67,15.67,0.31,-1,-1,-1
948,568,435.33,290.50,37.33,27.67,0.48,-1,-1,-1
949,569,416.00,287.33,30.67,21.67,0.45,-1,-1,-1
950,565,361.33,280.33,20.67,15.67,0.39,-1,-1,-1
954,570,679.67,334.33,171.00,100.67,0.45,-1,-1,-1
955,571,504.33,299.67,71.33,48.33,0.48,-1,-1,-1
956,572,440.00,287.00,42.00,32.00,0.47,-1,-1,-1
957,573,407.00,282.00,28.67,23.33,0.43,-1,-1,-1
1003,574,684.00,400.00,322.67,155.33,0.47,-1,-1,-1
1004,575,505.00,333.00,125.33,79.33,0.48,-1,-1,-1
1004,576,791.33,422.00,394.67,213.33,0.43,-1,-1,-1
1005,575,539.67,337.33,149.67,88.67,0.49,-1,-1,-1
1005,577,439.33,309.50,70.00,40.17,0.48,-1,-1,-1
1006,575,406.00,297.67,46.67,29.67,0.44,-1,-1,-1
1006,577,452.67,311.17,78.00,51.17,0.49,-1,-1,-1
1007,577,387.33,290.67,38.00,24.00,0.38,-1,-1,-1
1007,578,413.67,298.33,49.33,35.67,0.44,-1,-1,-1
1008,577,372.67,286.17,28.00,20.67,0.22,-1,-1,-1
1008,579,389.67,291.00,36.00,27.00,0.40,-1,-1,-1
1009,577,364.33,283.67,18.67,15.00,0.12,-1,-1,-1
1009,580,375.67,287.00,28.67,22.67,0.42,-1,-1,-1
1028,581,74.21,344.33,108.46,97.33,0.44,-1,-1,-1
1037,582,702.00,401.67,284.00,150.00,0.48,-1,-1,-1
1038,583,465.67,316.67,78.00,49.33,0.49,-1,-1,-1
1039,584,407.00,297.17,41.33,28.00,0.47,-1,-1,-1
1058,585,110.50,292.17,67.17,30.67,0.41,-1,-1,-1
1059,585,111.50,292.17,67.67,31.00,0.43,-1,-1,-1
1060,585,111.67,291.83,63.67,31.33,0.43,-1,-1,-1
1061,585,111.33,291.83,65.17,31.33,0.41,-1,-1,-1
1062,585,113.50,292.67,62.50,31.00,0.31,-1,-1,-1
1063,585,111.50,291.83,62.17,31.33,0.38,-1,-1,-1
1064,585,111.17,292.00,61.00,30.67,0.43,-1,-1,-1
1065,585,111.00,291.50,62.33,31.67,0.35,-1,-1,-1
1066,585,110.92,292.00,70.08,31.00,0.39,-1,-1,-1
1066,586,2.21,360.00,145.29,127.33,0.46,-1,-1,-1
1067,585,111.50,292.00,68.00,30.67,0.40,-1,-1,-1
1068,585,111.42,291.83,67.58,31.33,0.31,-1,-1,-1
1069,585,112.17,292.00,69.00,31.33,0.35,-1,-1,-1
1070,585,111.83,291.83,61.33,31.33,0.36,-1,-1,-1
1071,585,112.33,291.83,56.67,30.33,0.26,-1,-1,-1
1075,585,112.33,291.83,56.67,30.33,0.30,-1,-1,-1
1076,585,111.50,292.00,64.17,31.00,0.34,-1,-1,-1
1077,585,112.00,291.83,67.50,31.33,0.36,-1,-1,-1
1078,585,111.83,291.83,68.50,31.33,0.41,-1,-1,-1
1079,585,111.50,291.83,67.50,31.67,0.39,-1,-1,-1
1080,585,111.50,292.00,65.00,32.00,0.41,-1,-1,-1
1087,587,537.33,142.33,108.00,110.00,0.46,-1,-1,-1
1088,587,513.33,160.83,123.33,117.67,0.43,-1,-1,-1
1089,587,509.67,162.00,125.33,123.67,0.47,-1,-1,-1
1090,587,509.67,161.17,125.33,124.33,0.47,-1,-1,-1
1091,587,509.33,160.83,125.33,125.00,0.47,-1,-1,-1
1092,587,511.67,161.92,124.00,123.75,0.46,-1,-1,-1
1093,587,512.00,163.33,124.00,124.33,0.47,-1,-1,-1
1094,587,511.67,164.58,124.00,122.75,0.50,-1,-1,-1
1095,587,512.33,163.33,123.33,124.00,0.48,-1,-1,-1
1096,587,512.33,164.17,123.33,123.33,0.49,-1,-1,-1
1097,587,511.33,164.08,124.67,123.25,0.50,-1,-1,-1
1098,587,510.67,163.83,125.33,123.33,0.50,-1,-1,-1
1099,587,510.33,163.58,125.33,123.42,0.50,-1,-1,-1
1100,587,511.00,163.92,124.67,123.08,0.50,-1,-1,-1
1101,587,510.33,163.58,125.33,123.42,0.50,-1,-1,-1
1102,587,511.33,163.67,124.67,123.67,0.49,-1,-1,-1
1103,587,510.67,163.67,125.33,123.67,0.49,-1,-1,-1
1104,587,510.67,163.83,125.33,123.33,0.50,-1,-1,-1
1105,587,510.67,163.92,125.33,123.42,0.49,-1,-1,-1
1106,587,510.67,163.92,125.33,123.08,0.49,-1,-1,-1
1107,587,510.67,164.33,125.33,123.00,0.49,-1,-1,-1
1108,587,510.67,164.75,125.33,122.58,0.50,-1,-1,-1
1109,587,511.67,161.42,123.33,125.25,0.47,-1,-1,-1
1110,587,511.00,162.17,124.00,124.67,0.49,-1,-1,-1
1111,587,511.00,162.17,124.00,124.33,0.49,-1,-1,-1
1112,587,511.33,162.17,124.00,124.33,0.48,-1,-1,-1
1113,587,511.67,164.17,124.00,124.33,0.46,-1,-1,-1
1114,587,505.33,164.17,129.33,126.33,0.45,-1,-1,-1
1114,588,798.00,358.67,165.33,172.67,0.46,-1,-1,-1
1115,587,497.00,167.50,134.00,130.00,0.47,-1,-1,-1
1115,589,802.00,247.67,116.00,117.00,0.45,-1,-1,-1
1116,587,478.00,184.33,140.00,130.33,0.46,-1,-1,-1
1116,590,802.00,184.50,88.00,81.33,0.45,-1,-1,-1
1117,587,436.33,211.00,164.67,156.67,0.46,-1,-1,-1
1117,591,801.33,140.33,70.67,60.00,0.44,-1,-1,-1
1118,587,349.33,261.33,206.00,207.33,0.45,-1,-1,-1
1118,592,798.67,104.50,66.67,50.33,0.42,-1,-1,-1
1137,593,423.00,140.17,106.67,74.00,0.43,-1,-1,-1
1143,594,978.00,264.00,148.00,115.33,0.46,-1,-1,-1
1144,595,901.33,148.50,84.00,62.00,0.44,-1,-1,-1
1146,596,799.33,182.00,101.33,97.00,0.45,-1,-1,-1
1147,597,796.00,105.92,68.00,57.83,0.44,-1,-1,-1
1148,598,793.33,74.67,48.00,40.67,0.41,-1,-1,-1
1206,599,310.33,188.33,153.33,106.00,0.47,-1,-1,-1
1226,600,820.67,236.67,113.33,115.00,0.47,-1,-1,-1
1231,601,185.00,354.00,278.67,249.33,0.42,-1,-1,-1
1247,602,406.33,101.00,106.00,83.33,0.41,-1,-1,-1
1248,603,310.00,126.67,133.33,103.67,0.40,-1,-1,-1
1249,604,188.33,147.67,173.67,143.67,0.46,-1,-1,-1
1250,605,471.67,181.67,136.67,124.00,0.45,-1,-1,-1
1260,606,1008.67,254.00,166.67,134.67,0.44,-1,-1,-1
1261,607,910.67,138.00,81.33,67.67,0.47,-1,-1,-1
1262,608,870.67,90.08,56.00,42.17,0.43,-1,-1,-1
1279,609,382.67,142.83,107.33,79.33,0.41,-1,-1,-1
1299,610,51.50,244.67,208.83,119.67,0.41,-1,-1,-1
1300,611,1006.67,296.50,185.33,140.17,0.45,-1,-1,-1
1301,612,935.33,191.67,122.67,91.67,0.48,-1,-1,-1
1302,613,900.67,138.00,85.33,65.67,0.45,-1,-1,-1
1303,614,876.67,105.42,68.00,47.17,0.41,-1,-1,-1
1305,615,861.33,307.50,154.67,135.17,0.45,-1,-1,-1
1306,616,837.33,171.17,80.00,70.67,0.48,-1,-1,-1
1306,617,1004.67,208.67,130.67,137.00,0.45,-1,-1,-1
1307,618,935.33,133.58,82.67,88.08,0.49,-1,-1,-1
1307,619,828.00,114.33,57.33,45.67,0.43,-1,-1,-1
1314,620,1040.00,335.67,238.67,242.00,0.47,-1,-1,-1
1315,621,915.33,144.83,85.33,94.33,0.45,-1,-1,-1
1342,622,431.67,132.00,100.67,73.67,0.43,-1,-1,-1
1343,623,272.00,198.67,152.67,107.67,0.47,-1,-1,-1
1344,624,0.58,354.00,174.75,233.33,0.43,-1,-1,-1
1391,625,764.00,305.33,144.00,151.33,0.45,-1,-1,-1
1391,626,1144.67,483.33,134.67,228.67,0.44,-1,-1,-1
1391,627,404.67,249.17,167.33,138.17,0.40,-1,-1,-1
1392,628,1043.33,331.00,197.33,143.33,0.48,-1,-1,-1
1392,629,774.00,210.33,102.67,96.00,0.47,-1,-1,-1
1392,630,233.33,345.33,254.67,204.67,0.44,-1,-1,-1
1393,631,779.33,150.92,70.67,66.75,0.49,-1,-1,-1
1393,632,978.67,233.00,129.33,100.67,0.48,-1,-1,-1
1393,633,494.00,202.00,106.67,96.00,0.40,-1,-1,-1
1393,634,4.00,587.00,277.50,132.33,0.40,-1,-1,-1
1394,635,938.67,170.33,90.67,69.00,0.48,-1,-1,-1
1394,636,779.33,210.83,110.67,141.17,0.43,-1,-1,-1
1394,637,785.33,114.08,52.00,44.83,0.41,-1,-1,-1
1395,638,786.00,158.17,74.67,73.33,0.51,-1,-1,-1
1395,639,786.67,84.75,42.67,36.00,0.46,-1,-1,-1
1395,640,908.67,127.75,69.33,51.58,0.43,-1,-1,-1
1396,641,788.00,112.75,54.67,51.00,0.48,-1,-1,-1
1396,642,886.67,99.58,54.67,40.00,0.43,-1,-1,-1
1397,643,1096.00,377.00,182.67,194.00,0.47,-1,-1,-1
1397,644,788.67,85.67,42.67,37.67,0.43,-1,-1,-1
1398,645,948.00,188.67,114.67,85.33,0.48,-1,-1,-1
1399,646,890.67,119.58,70.67,47.83,0.45,-1,-1,-1
1399,647,521.67,317.67,329.00,174.00,0.42,-1,-1,-1
1399,648,334.83,617.00,341.17,103.00,0.40,-1,-1,-1
1400,647,640.00,330.50,365.33,160.83,0.47,-1,-1,-1
1400,649,858.67,84.17,52.00,33.67,0.46,-1,-1,-1
1401,650,818.67,329.00,305.33,165.33,0.47,-1,-1,-1
1402,651,942.67,296.33,172.00,126.67,0.44,-1,-1,-1
1403,652,968.67,250.67,122.67,107.00,0.49,-1,-1,-1
1404,653,942.00,204.00,112.00,86.67,0.48,-1,-1,-1
1405,654,914.00,164.17,90.67,67.33,0.47,-1,-1,-1
1410,655,1050.00,368.00,230.00,198.67,0.46,-1,-1,-1
1411,656,940.67,190.00,108.00,92.00,0.49,-1,-1,-1
1411,657,514.67,158.58,109.33,80.75,0.43,-1,-1,-1
1412,658,894.00,125.92,73.33,54.08,0.48,-1,-1,-1
1412,659,812.67,199.00,105.33,98.00,0.48,-1,-1,-1
1413,660,872.67,92.25,52.00,41.17,0.44,-1,-1,-1
1413,661,803.33,121.00,61.33,46.00,0.43,-1,-1,-1
1416,662,272.50,191.17,165.50,116.33,0.45,-1,-1,-1
1420,663,512.67,162.00,110.00,83.67,0.44,-1,-1,-1
1440,664,808.00,242.50,118.67,124.17,0.49,-1,-1,-1
1441,665,643.33,371.00,205.33,109.33,0.41,-1,-1,-1
1442,665,642.67,371.00,205.33,108.67,0.40,-1,-1,-1
1443,665,642.33,371.33,204.33,108.00,0.41,-1,-1,-1
1444,665,643.67,371.00,203.00,108.67,0.41,-1,-1,-1
1445,665,643.67,371.33,204.33,108.67,0.40,-1,-1,-1
1446,665,654.00,373.33,197.33,109.33,0.46,-1,-1,-1
1447,665,686.67,380.67,217.33,113.33,0.46,-1,-1,-1
1448,665,759.33,400.67,249.33,116.00,0.49,-1,-1,-1
1449,665,843.33,417.00,276.00,118.00,0.49,-1,-1,-1
1450,665,843.33,417.00,276.00,118.00,0.49,-1,-1,-1
1470,666,32.96,253.67,131.21,61.33,0.41,-1,-1,-1
1495,667,746.00,309.67,114.67,54.00,0.45,-1,-1,-1
1495,668,318.67,332.00,112.00,84.00,0.42,-1,-1,-1
1496,667,746.00,309.50,114.67,54.17,0.45,-1,-1,-1
1496,668,318.83,332.17,113.17,83.83,0.43,-1,-1,-1
1499,669,776.00,248.33,358.67,163.67,0.43,-1,-1,-1
1500,670,648.33,242.67,257.00,124.00,0.44,-1,-1,-1
1501,671,555.33,233.00,189.33,98.00,0.45,-1,-1,-1
1502,672,486.00,228.17,152.00,81.00,0.44,-1,-1,-1
1503,672,444.33,220.33,136.67,76.33,0.46,-1,-1,-1
1504,672,444.33,220.17,136.67,76.67,0.46,-1,-1,-1
1517,673,568.33,293.67,93.33,52.00,0.44,-1,-1,-1
1518,674,694.67,318.00,140.00,70.00,0.48,-1,-1,-1
1519,675,514.00,277.83,88.00,49.00,0.43,-1,-1,-1
1525,672,444.33,220.17,136.67,76.67,0.45,-1,-1,-1
1526,672,679.67,239.17,320.33,161.17,0.45,-1,-1,-1
1529,672,679.67,239.17,320.33,161.17,0.46,-1,-1,-1
1530,672,502.67,223.50,175.33,95.67,0.27,-1,-1,-1
1531,672,413.33,217.17,120.00,70.00,0.31,-1,-1,-1
1532,672,351.00,213.17,92.67,56.33,0.12,-1,-1,-1
1547,676,856.00,245.50,128.00,56.33,0.45,-1,-1,-1
1548,676,856.00,245.50,128.00,56.33,0.45,-1,-1,-1
1549,676,675.33,250.33,153.33,53.67,0.31,-1,-1,-1
1550,676,594.67,246.17,160.00,65.00,0.44,-1,-1,-1
1551,676,503.33,246.17,163.33,66.33,0.45,-1,-1,-1
1552,676,408.00,247.50,172.67,69.33,0.47,-1,-1,-1
1553,676,347.67,248.00,177.33,72.67,0.44,-1,-1,-1
1554,676,348.00,248.17,177.33,72.33,0.44,-1,-1,-1
1555,676,267.33,253.33,126.00,94.67,0.45,-1,-1,-1
1556,676,267.33,253.50,126.00,94.50,0.45,-1,-1,-1
1557,677,305.83,266.83,141.50,126.50,0.46,-1,-1,-1
1558,677,334.00,271.83,168.00,148.50,0.46,-1,-1,-1
1559,677,364.67,286.17,190.67,159.83,0.47,-1,-1,-1
1560,677,395.33,294.67,210.67,176.67,0.46,-1,-1,-1
1561,677,415.33,300.33,227.33,191.33,0.45,-1,-1,-1
1562,677,427.00,306.33,236.67,193.33,0.47,-1,-1,-1
1563,677,427.67,308.17,239.33,192.50,0.48,-1,-1,-1
1564,677,429.00,309.17,240.00,191.50,0.48,-1,-1,-1
1565,677,429.33,309.33,240.00,191.33,0.48,-1,-1,-1
1566,677,429.33,309.33,240.00,191.33,0.48,-1,-1,-1
1566,678,564.00,266.83,94.67,39.00,0.41,-1,-1,-1
1567,677,430.33,309.00,238.67,192.67,0.48,-1,-1,-1
1567,679,473.67,267.67,104.67,47.33,0.44,-1,-1,-1
1568,677,429.67,312.00,239.33,189.33,0.49,-1,-1,-1
1569,677,430.00,309.50,237.33,192.50,0.49,-1,-1,-1
1570,677,426.33,308.67,241.33,193.33,0.47,-1,-1,-1
1571,677,426.33,300.17,239.33,204.50,0.48,-1,-1,-1
1572,677,426.67,300.33,238.67,204.00,0.48,-1,-1,-1
1573,677,429.00,309.33,237.33,190.00,0.48,-1,-1,-1
1574,677,429.00,309.33,237.33,190.00,0.48,-1,-1,-1
1575,677,469.00,322.00,267.67,225.33,0.48,-1,-1,-1
1576,677,543.33,340.00,328.00,287.33,0.36,-1,-1,-1
1577,677,595.33,363.33,420.00,320.00,0.20,-1,-1,-1
1578,677,595.33,363.67,420.00,319.67,0.20,-1,-1,-1
1579,680,797.33,399.00,254.67,118.67,0.49,-1,-1,-1
1580,680,797.33,399.00,254.67,118.67,0.49,-1,-1,-1
1582,681,521.67,410.00,214.33,155.33,0.43,-1,-1,-1
1583,682,802.00,252.50,77.33,38.00,0.41,-1,-1,-1
1593,683,788.00,258.00,104.00,47.33,0.42,-1,-1,-1
1594,683,789.33,255.33,97.33,51.67,0.43,-1,-1,-1
1595,683,789.33,254.00,101.33,54.00,0.43,-1,-1,-1
1596,683,790.00,253.33,101.33,54.33,0.45,-1,-1,-1
1597,683,790.00,253.83,98.67,54.00,0.44,-1,-1,-1
1598,683,789.33,254.33,102.67,53.33,0.43,-1,-1,-1
1599,683,788.67,255.17,101.33,52.33,0.43,-1,-1,-1
1600,683,788.67,255.33,101.33,52.33,0.42,-1,-1,-1
1601,683,790.00,253.67,100.00,53.67,0.41,-1,-1,-1
1602,683,790.00,253.67,100.00,53.67,0.41,-1,-1,-1
1603,683,788.67,252.83,102.67,54.67,0.44,-1,-1,-1
1603,684,1035.33,396.33,205.33,89.33,0.47,-1,-1,-1
1604,683,788.67,255.00,102.67,51.67,0.43,-1,-1,-1
1604,685,720.00,319.50,120.00,56.83,0.44,-1,-1,-1
1605,683,788.67,256.33,102.67,50.67,0.43,-1,-1,-1
1605,686,540.00,281.17,83.33,40.33,0.45,-1,-1,-1
1606,683,789.33,256.17,101.33,50.67,0.44,-1,-1,-1
1607,683,790.00,256.33,101.33,50.67,0.43,-1,-1,-1
1608,683,790.67,255.00,100.00,52.00,0.42,-1,-1,-1
1609,683,788.00,255.33,101.33,51.33,0.42,-1,-1,-1
1609,687,740.00,328.67,144.00,68.00,0.46,-1,-1,-1
1610,683,788.00,255.33,101.33,51.33,0.42,-1,-1,-1
1610,687,740.00,328.67,144.00,68.00,0.46,-1,-1,-1
1611,683,788.00,256.00,102.67,51.33,0.42,-1,-1,-1
1612,683,788.00,255.83,102.67,51.33,0.42,-1,-1,-1
1613,683,788.00,255.50,102.67,51.67,0.43,-1,-1,-1
1614,683,788.67,255.67,101.33,51.33,0.43,-1,-1,-1
1615,683,788.00,254.67,102.67,52.67,0.44,-1,-1,-1
1616,683,788.00,255.33,102.67,50.67,0.44,-1,-1,-1
1616,688,855.33,337.67,157.33,75.33,0.47,-1,-1,-1
1617,683,787.33,253.00,102.67,54.33,0.43,-1,-1,-1
1617,689,739.33,311.67,126.67,65.33,0.49,-1,-1,-1
1618,683,786.67,253.50,104.00,53.67,0.44,-1,-1,-1
1618,690,678.00,301.17,114.67,60.17,0.47,-1,-1,-1
1619,683,787.33,254.00,104.00,53.00,0.42,-1,-1,-1
1619,690,656.00,296.67,109.33,58.33,0.48,-1,-1,-1
1620,683,787.33,254.00,104.00,53.00,0.42,-1,-1,-1
1620,690,656.00,296.50,109.33,58.50,0.48,-1,-1,-1
1621,683,788.00,254.83,101.33,51.67,0.43,-1,-1,-1
1621,690,634.00,292.83,104.00,56.17,0.49,-1,-1,-1
1622,683,788.00,254.83,101.33,51.67,0.43,-1,-1,-1
1622,690,634.00,292.83,104.00,56.17,0.49,-1,-1,-1
1623,683,787.33,254.83,102.67,51.67,0.43,-1,-1,-1
1623,690,634.00,292.67,104.00,56.33,0.49,-1,-1,-1
1624,683,788.00,254.17,102.67,52.67,0.44,-1,-1,-1
1624,690,634.00,292.50,104.00,56.17,0.49,-1,-1,-1
1625,683,787.33,254.83,102.67,51.67,0.43,-1,-1,-1
1625,690,634.00,292.67,104.00,56.00,0.49,-1,-1,-1
1626,683,788.00,255.00,101.33,52.00,0.44,-1,-1,-1
1626,690,634.00,292.50,104.00,56.17,0.49,-1,-1,-1
1627,683,788.67,254.50,101.33,52.33,0.42,-1,-1,-1
1627,690,634.00,292.67,104.00,56.33,0.49,-1,-1,-1
1628,683,789.33,254.00,101.33,52.67,0.43,-1,-1,-1
1628,690,634.00,292.67,104.00,56.33,0.49,-1,-1,-1
1629,683,788.00,253.67,101.33,53.00,0.42,-1,-1,-1
1629,690,634.00,292.67,104.00,56.33,0.49,-1,-1,-1
1630,683,785.33,254.00,102.67,52.00,0.42,-1,-1,-1
1630,690,634.00,292.67,104.00,56.33,0.49,-1,-1,-1
1631,683,766.00,257.00,105.33,49.33,0.32,-1,-1,-1
1631,690,634.00,292.83,104.00,55.50,0.49,-1,-1,-1
1632,683,766.00,257.00,105.33,49.33,0.32,-1,-1,-1
1632,690,634.00,292.83,104.00,55.50,0.49,-1,-1,-1
1633,690,633.67,290.67,105.00,58.33,0.48,-1,-1,-1
1634,690,633.67,290.67,105.00,58.33,0.48,-1,-1,-1
1635,690,633.33,292.50,105.33,56.17,0.48,-1,-1,-1
1635,683,766.00,257.00,105.33,49.33,0.47,-1,-1,-1
1636,690,633.67,293.50,105.00,54.83,0.49,-1,-1,-1
1636,683,354.67,277.67,107.33,57.67,0.47,-1,-1,-1
1637,690,632.67,291.67,105.33,56.67,0.49,-1,-1,-1
1637,691,341.33,287.67,76.67,77.67,0.47,-1,-1,-1
1638,690,633.33,291.83,105.33,56.50,0.49,-1,-1,-1
1638,691,358.33,297.67,102.00,92.67,0.44,-1,-1,-1
1639,690,633.00,291.67,105.67,57.00,0.49,-1,-1,-1
1639,692,375.67,310.67,130.00,100.00,0.50,-1,-1,-1
1640,690,633.00,291.67,105.67,57.00,0.49,-1,-1,-1
1640,692,375.33,310.67,130.67,100.00,0.50,-1,-1,-1
1641,690,633.33,291.67,105.33,57.00,0.49,-1,-1,-1
1641,692,455.67,346.00,178.00,128.67,0.47,-1,-1,-1
1642,690,633.33,291.67,105.33,57.00,0.49,-1,-1,-1
1642,692,455.67,346.00,178.00,128.67,0.47,-1,-1,-1
1643,690,633.33,291.83,105.33,56.83,0.49,-1,-1,-1
1643,683,354.67,277.67,107.33,57.67,0.43,-1,-1,-1
1644,690,632.67,292.67,105.33,55.33,0.49,-1,-1,-1
1644,683,479.00,352.33,196.00,141.33,0.42,-1,-1,-1
1645,690,633.33,292.00,105.33,55.67,0.49,-1,-1,-1
1645,683,480.00,352.00,194.67,142.00,0.43,-1,-1,-1
1645,693,776.00,516.33,294.67,158.00,0.43,-1,-1,-1
1646,690,633.00,292.33,105.67,55.00,0.48,-1,-1,-1
1646,683,479.67,352.33,195.33,142.00,0.43,-1,-1,-1
1646,694,332.67,271.17,116.67,37.33,0.42,-1,-1,-1
1647,690,633.33,291.67,105.33,56.67,0.48,-1,-1,-1
1647,683,482.00,355.00,192.00,138.67,0.43,-1,-1,-1
1648,690,633.33,291.67,105.33,56.67,0.48,-1,-1,-1
1648,683,482.00,354.67,192.00,138.67,0.43,-1,-1,-1
1649,690,633.67,291.67,105.00,56.67,0.49,-1,-1,-1
1649,683,479.33,352.67,196.00,140.67,0.43,-1,-1,-1
1650,690,633.67,291.67,105.00,56.67,0.49,-1,-1,-1
1650,683,479.67,352.67,195.33,140.67,0.43,-1,-1,-1
1651,690,633.33,291.00,105.33,57.00,0.49,-1,-1,-1
1651,683,481.67,355.00,192.67,139.33,0.44,-1,-1,-1
1652,690,633.33,291.33,105.33,57.00,0.49,-1,-1,-1
1652,683,481.33,353.33,192.67,142.00,0.43,-1,-1,-1
1653,690,633.33,291.17,105.33,57.50,0.49,-1,-1,-1
1653,683,481.33,354.00,193.33,140.67,0.44,-1,-1,-1
1654,690,633.00,291.33,105.67,57.33,0.49,-1,-1,-1
1654,683,489.33,357.00,199.33,142.00,0.48,-1,-1,-1
1655,690,633.00,291.50,106.33,57.17,0.49,-1,-1,-1
1655,683,506.67,365.33,210.00,146.67,0.48,-1,-1,-1
1656,690,633.33,291.17,105.33,56.83,0.49,-1,-1,-1
1656,683,563.33,386.00,238.67,167.33,0.46,-1,-1,-1
1657,690,632.33,291.67,105.00,56.33,0.49,-1,-1,-1
1657,683,701.33,446.67,322.67,223.33,0.49,-1,-1,-1
1658,690,622.33,289.00,101.67,56.33,0.48,-1,-1,-1
1659,690,605.67,285.50,97.67,54.17,0.48,-1,-1,-1
1660,690,605.67,285.67,97.67,53.67,0.48,-1,-1,-1
1661,695,519.00,268.33,76.00,44.00,0.49,-1,-1,-1
1662,695,519.00,268.33,76.00,44.00,0.49,-1,-1,-1
1663,696,289.33,270.50,67.00,44.33,0.45,-1,-1,-1
1663,697,351.33,303.67,92.67,66.33,0.45,-1,-1,-1
1664,698,428.67,342.67,128.00,88.00,0.49,-1,-1,-1
1664,699,232.83,285.50,75.67,66.17,0.41,-1,-1,-1
1665,698,438.67,323.33,110.67,74.00,0.41,-1,-1,-1
1665,700,270.83,306.50,99.17,86.83,0.46,-1,-1,-1
1665,701,586.67,411.67,202.67,135.33,0.45,-1,-1,-1
1666,701,617.67,394.67,199.00,113.33,0.47,-1,-1,-1
1667,702,883.33,493.00,333.33,189.00,0.49,-1,-1,-1
1667,703,851.33,327.33,152.00,70.67,0.48,-1,-1,-1
1668,702,883.33,492.67,333.33,189.33,0.48,-1,-1,-1
1668,703,851.33,327.33,152.00,70.67,0.48,-1,-1,-1
1669,703,561.33,268.33,84.00,45.67,0.45,-1,-1,-1
1670,703,561.33,268.17,84.00,46.00,0.45,-1,-1,-1
1673,704,443.00,301.33,124.00,76.00,0.42,-1,-1,-1
1674,704,482.67,306.50,144.67,92.50,0.39,-1,-1,-1
1675,704,528.33,315.00,153.33,102.00,0.38,-1,-1,-1
1676,704,565.33,322.67,162.00,114.00,0.32,-1,-1,-1
1677,704,582.00,339.00,177.33,108.67,0.46,-1,-1,-1
1678,704,591.33,340.67,174.67,110.00,0.47,-1,-1,-1
1679,704,593.67,343.00,173.67,108.67,0.47,-1,-1,-1
1680,704,594.67,342.33,172.67,109.33,0.47,-1,-1,-1
1681,704,595.00,342.00,175.00,110.00,0.47,-1,-1,-1
1682,704,595.00,342.67,173.67,109.33,0.47,-1,-1,-1
1683,704,595.33,342.67,172.67,109.33,0.47,-1,-1,-1
1684,704,595.33,342.00,171.33,110.00,0.47,-1,-1,-1
1685,704,595.67,343.00,172.33,108.67,0.47,-1,-1,-1
1686,704,596.00,343.00,172.00,109.33,0.47,-1,-1,-1
1687,704,596.00,342.67,172.00,109.33,0.47,-1,-1,-1
1688,704,595.67,342.33,172.33,109.33,0.47,-1,-1,-1
1689,704,595.67,342.00,171.00,106.67,0.47,-1,-1,-1
1690,704,596.00,342.00,170.00,106.67,0.47,-1,-1,-1
1691,704,596.00,341.67,168.67,110.00,0.47,-1,-1,-1
1691,705,696.00,314.67,116.00,50.67,0.42,-1,-1,-1
1692,704,595.67,345.33,171.00,106.00,0.46,-1,-1,-1
1692,706,547.67,280.17,88.00,46.67,0.41,-1,-1,-1
1693,704,595.33,342.67,170.00,109.33,0.46,-1,-1,-1
1694,704,595.67,342.67,170.33,109.33,0.46,-1,-1,-1
1695,704,595.33,341.67,170.67,110.00,0.47,-1,-1,-1
1696,704,595.33,341.67,170.00,110.00,0.47,-1,-1,-1
1697,704,595.33,342.67,171.33,108.67,0.47,-1,-1,-1
1698,704,596.00,342.33,170.00,109.33,0.47,-1,-1,-1
1699,704,596.33,342.67,169.00,109.33,0.46,-1,-1,-1
1700,704,600.00,341.00,174.67,112.67,0.47,-1,-1,-1
1701,704,608.33,343.33,182.33,115.33,0.43,-1,-1,-1
1702,704,609.33,343.33,181.33,115.33,0.43,-1,-1,-1
1703,704,690.00,368.00,217.33,118.00,0.46,-1,-1,-1
1704,704,690.00,368.00,217.33,118.00,0.46,-1,-1,-1
1705,707,1104.67,402.33,175.33,120.67,0.41,-1,-1,-1
1718,708,0.83,579.00,186.83,141.00,0.44,-1,-1,-1
1719,709,88.50,552.00,352.17,168.00,0.48,-1,-1,-1
1720,709,265.33,534.33,323.33,166.33,0.45,-1,-1,-1
1721,709,502.00,502.00,278.67,150.00,0.47,-1,-1,-1
1722,709,502.00,501.67,279.33,150.67,0.47,-1,-1,-1
1723,709,838.00,445.67,190.67,118.00,0.46,-1,-1,-1
1724,709,838.00,445.67,190.67,118.00,0.46,-1,-1,-1
1725,710,1004.00,389.00,92.00,88.67,0.40,-1,-1,-1
1726,710,1009.33,360.00,84.00,86.00,0.34,-1,-1,-1
1727,710,976.00,354.33,96.00,69.33,0.49,-1,-1,-1
1728,711,934.67,341.00,102.67,64.67,0.48,-1,-1,-1
1729,711,892.00,329.83,104.00,60.50,0.47,-1,-1,-1
1730,711,848.00,318.00,101.33,60.67,0.48,-1,-1,-1
1731,711,821.33,315.17,101.33,54.83,0.46,-1,-1,-1
1732,711,821.33,315.33,101.33,54.67,0.46,-1,-1,-1
1733,711,756.00,295.33,100.00,58.33,0.40,-1,-1,-1
1734,711,756.67,295.33,98.67,58.33,0.39,-1,-1,-1
1735,711,710.67,291.00,88.00,50.33,0.39,-1,-1,-1
1736,711,700.00,290.17,84.00,47.33,0.41,-1,-1,-1
1737,711,693.33,289.83,82.67,45.67,0.42,-1,-1,-1
1738,711,686.00,287.83,82.67,45.67,0.43,-1,-1,-1
1739,711,678.33,286.17,82.33,45.67,0.44,-1,-1,-1
1740,711,671.67,285.83,80.33,45.00,0.42,-1,-1,-1
1741,711,665.00,285.33,79.00,43.33,0.42,-1,-1,-1
1742,711,654.00,282.50,76.00,42.33,0.43,-1,-1,-1
1743,711,640.00,280.67,75.33,40.67,0.46,-1,-1,-1
1744,711,640.00,280.67,75.33,40.67,0.46,-1,-1,-1
1745,711,582.00,270.33,66.00,36.33,0.39,-1,-1,-1
1746,711,582.00,270.50,66.00,36.33,0.39,-1,-1,-1
1747,712,1029.33,375.00,205.33,78.00,0.46,-1,-1,-1
1748,713,424.67,330.33,133.33,87.33,0.45,-1,-1,-1
1748,714,7.83,261.50,89.08,42.67,0.44,-1,-1,-1
1748,715,786.00,320.17,138.67,58.83,0.44,-1,-1,-1
1749,716,700.67,446.33,272.00,156.00,0.48,-1,-1,-1
1749,717,616.00,284.50,98.67,45.33,0.40,-1,-1,-1
1750,718,791.33,335.83,158.67,78.17,0.49,-1,-1,-1
1751,719,686.67,308.17,128.00,72.17,0.48,-1,-1,-1
1751,720,265.83,316.83,92.83,70.50,0.43,-1,-1,-1
1752,719,686.67,308.33,128.00,72.67,0.48,-1,-1,-1
1752,720,265.67,316.83,93.33,70.50,0.43,-1,-1,-1
1753,721,484.33,445.33,219.67,162.67,0.44,-1,-1,-1
1753,722,325.83,273.83,78.83,56.67,0.42,-1,-1,-1
1754,721,484.33,445.33,219.67,162.67,0.44,-1,-1,-1
1754,722,325.83,273.83,78.83,56.67,0.42,-1,-1,-1
1755,723,507.67,321.67,146.67,94.00,0.49,-1,-1,-1
1756,724,590.67,346.67,172.00,110.67,0.46,-1,-1,-1
1757,724,639.67,366.33,189.00,116.00,0.47,-1,-1,-1
1758,724,652.67,368.67,194.67,120.00,0.46,-1,-1,-1
1759,724,653.00,368.33,194.33,120.00,0.46,-1,-1,-1
1760,724,654.00,367.67,193.33,120.67,0.46,-1,-1,-1
1761,724,653.00,368.00,194.33,120.00,0.46,-1,-1,-1
1762,724,653.33,368.00,193.33,120.00,0.46,-1,-1,-1
1763,724,653.33,368.67,193.33,119.33,0.46,-1,-1,-1
1764,724,653.33,368.33,193.33,119.33,0.46,-1,-1,-1
1765,724,654.00,369.00,192.00,119.33,0.46,-1,-1,-1
1766,724,654.00,369.00,192.00,119.33,0.46,-1,-1,-1
1767,724,653.33,368.33,193.33,120.00,0.46,-1,-1,-1
1768,724,653.33,368.33,193.33,120.00,0.46,-1,-1,-1
1769,724,654.00,368.33,192.00,121.33,0.46,-1,-1,-1
1770,724,653.67,368.33,193.00,121.33,0.46,-1,-1,-1
1771,724,654.00,368.67,192.00,120.67,0.47,-1,-1,-1
1772,724,654.00,368.33,190.67,120.67,0.47,-1,-1,-1
1773,724,653.67,368.00,193.00,121.33,0.47,-1,-1,-1
1774,724,654.00,368.67,192.00,120.00,0.47,-1,-1,-1
1775,724,653.67,370.00,191.67,119.33,0.47,-1,-1,-1
1776,724,653.67,370.00,191.67,119.33,0.47,-1,-1,-1
1777,724,653.33,368.67,190.67,120.67,0.47,-1,-1,-1
1777,725,542.33,283.67,84.67,44.00,0.44,-1,-1,-1
1778,724,653.33,368.67,190.67,120.67,0.47,-1,-1,-1
1778,725,542.33,283.67,84.67,44.00,0.44,-1,-1,-1
1779,724,653.67,368.67,193.00,120.67,0.46,-1,-1,-1
1780,724,652.67,368.33,193.33,121.33,0.46,-1,-1,-1
1781,724,653.67,368.67,191.67,120.67,0.46,-1,-1,-1
1782,724,653.67,368.67,193.00,120.67,0.47,-1,-1,-1
1783,724,653.67,369.00,189.67,120.00,0.46,-1,-1,-1
1784,724,654.00,368.67,190.67,120.67,0.47,-1,-1,-1
1785,724,653.67,368.67,189.67,120.67,0.47,-1,-1,-1
1786,724,655.67,368.67,191.00,122.67,0.47,-1,-1,-1
1787,724,676.67,377.67,200.00,116.67,0.48,-1,-1,-1
1788,724,727.33,387.67,226.67,124.67,0.48,-1,-1,-1
1789,724,840.00,405.33,258.67,130.00,0.49,-1,-1,-1
1790,724,1039.33,424.00,240.67,130.00,0.49,-1,-1,-1
1801,726,279.50,143.33,109.83,125.33,0.50,-1,-1,-1
1801,727,265.00,253.33,91.33,84.33,0.46,-1,-1,-1
1802,726,278.67,143.83,110.33,125.33,0.50,-1,-1,-1
1802,727,264.83,252.83,92.17,84.33,0.42,-1,-1,-1
1803,726,279.17,142.67,110.17,130.67,0.48,-1,-1,-1
1803,727,264.17,254.00,93.50,83.33,0.48,-1,-1,-1
1804,726,277.33,143.50,111.33,124.67,0.50,-1,-1,-1
1804,727,264.50,252.83,92.17,84.67,0.43,-1,-1,-1
1804,728,922.00,145.17,68.00,31.67,0.41,-1,-1,-1
1805,726,280.00,142.75,109.33,130.58,0.48,-1,-1,-1
1805,727,265.00,253.83,91.67,83.33,0.47,-1,-1,-1
1806,726,278.83,144.17,109.17,123.67,0.51,-1,-1,-1
1806,727,265.00,253.17,90.67,84.00,0.45,-1,-1,-1
1807,726,279.33,143.92,110.33,127.75,0.48,-1,-1,-1
1807,727,265.00,254.00,93.33,83.67,0.44,-1,-1,-1
1808,726,279.83,143.42,108.83,126.58,0.49,-1,-1,-1
1808,727,264.83,254.00,93.83,83.00,0.44,-1,-1,-1
1809,726,278.83,143.33,109.83,124.33,0.50,-1,-1,-1
1809,727,264.83,253.00,92.17,84.67,0.43,-1,-1,-1
1810,726,277.00,142.17,112.00,131.00,0.47,-1,-1,-1
1810,727,265.00,254.67,93.67,83.67,0.47,-1,-1,-1
1811,726,275.67,144.17,113.33,129.33,0.47,-1,-1,-1
1811,727,262.83,259.67,93.83,82.33,0.39,-1,-1,-1
1812,726,275.17,143.17,112.17,134.00,0.48,-1,-1,-1
1812,727,266.50,267.67,100.83,92.67,0.49,-1,-1,-1
1813,726,270.00,145.00,117.33,142.67,0.47,-1,-1,-1
1813,727,278.00,277.67,151.33,118.00,0.46,-1,-1,-1
1814,726,256.67,149.33,131.33,167.67,0.44,-1,-1,-1
1814,727,330.33,312.33,236.00,128.67,0.46,-1,-1,-1
1815,726,237.00,155.92,151.00,185.75,0.47,-1,-1,-1
1815,729,506.67,349.33,332.00,145.33,0.48,-1,-1,-1
1816,726,229.00,160.83,155.67,220.50,0.46,-1,-1,-1
1816,730,865.33,388.33,380.00,152.00,0.42,-1,-1,-1
1817,726,259.33,194.00,222.00,243.00,0.38,-1,-1,-1
1818,726,255.00,184.00,420.00,296.67,0.28,-1,-1,-1
1819,726,297.50,199.50,496.50,299.17,0.18,-1,-1,-1
1822,731,1000.00,276.33,280.00,239.33,0.47,-1,-1,-1
1846,732,193.67,146.42,81.67,32.92,0.41,-1,-1,-1
1851,733,224.67,323.83,384.67,155.17,0.41,-1,-1,-1
1859,734,424.00,321.33,307.33,110.67,0.48,-1,-1,-1
1860,735,1076.67,322.00,203.33,91.33,0.47,-1,-1,-1
1865,736,605.33,363.00,345.33,146.00,0.49,-1,-1,-1
1904,737,513.33,520.33,252.00,199.67,0.45,-1,-1,-1
1905,738,495.67,419.33,188.33,167.33,0.47,-1,-1,-1
1906,739,470.67,342.67,148.67,121.33,0.48,-1,-1,-1
1906,740,572.00,549.33,286.67,170.67,0.43,-1,-1,-1
1907,741,456.33,283.50,112.00,91.17,0.49,-1,-1,-1
1908,742,502.33,331.17,160.00,149.50,0.45,-1,-1,-1
1909,743,486.33,269.50,113.33,110.50,0.42,-1,-1,-1
1910,744,464.67,223.50,90.00,86.00,0.41,-1,-1,-1
1914,745,222.00,155.33,85.33,31.33,0.43,-1,-1,-1
1916,746,227.67,145.75,85.33,36.08,0.40,-1,-1,-1
1927,747,0.00,301.50,215.33,221.17,0.43,-1,-1,-1
1931,748,1046.00,276.67,233.33,224.00,0.42,-1,-1,-1
1940,749,948.67,432.33,331.33,181.33,0.46,-1,-1,-1
1941,750,91.17,346.33,323.50,116.00,0.45,-1,-1,-1
1942,751,1000.67,338.17,276.00,106.50,0.49,-1,-1,-1
1945,752,323.33,330.17,317.33,126.50,0.49,-1,-1,-1
1969,753,198.67,145.75,84.00,32.58,0.43,-1,-1,-1
1970,754,397.67,144.17,90.67,31.67,0.44,-1,-1,-1
1971,755,168.00,145.58,93.67,34.25,0.43,-1,-1,-1
1989,756,923.33,144.92,46.67,32.08,0.40,-1,-1,-1
1993,757,706.67,142.50,68.00,32.50,0.42,-1,-1,-1
1994,757,700.00,142.08,66.67,32.58,0.37,-1,-1,-1
1995,757,698.67,142.00,68.00,32.33,0.39,-1,-1,-1
1996,757,698.67,142.17,68.00,32.17,0.38,-1,-1,-1
1997,757,698.67,142.00,68.00,32.50,0.39,-1,-1,-1
1998,757,698.00,141.92,68.00,32.58,0.39,-1,-1,-1
1999,757,698.00,142.25,68.00,32.42,0.37,-1,-1,-1
2000,757,696.67,142.33,69.33,32.50,0.36,-1,-1,-1
2001,757,697.33,142.25,68.00,32.42,0.36,-1,-1,-1
2002,757,697.33,142.33,68.00,32.50,0.38,-1,-1,-1
2003,757,697.33,142.17,68.00,32.67,0.38,-1,-1,-1
2004,757,696.67,142.08,68.00,32.75,0.37,-1,-1,-1
2005,757,690.67,143.00,66.67,30.83,0.30,-1,-1,-1
2018,758,287.33,196.83,76.33,74.33,0.43,-1,-1,-1
2019,758,283.83,208.50,77.17,84.33,0.47,-1,-1,-1
2020,758,278.00,222.17,84.67,90.00,0.46,-1,-1,-1
2021,758,277.00,231.67,84.00,93.33,0.47,-1,-1,-1
2022,758,276.67,233.67,85.00,93.00,0.48,-1,-1,-1
2023,758,275.33,234.00,86.00,93.00,0.47,-1,-1,-1
2024,758,275.67,234.50,85.67,93.33,0.48,-1,-1,-1
2025,758,275.67,235.67,84.00,92.00,0.48,-1,-1,-1
2026,758,275.83,235.67,84.17,92.00,0.48,-1,-1,-1
2027,758,276.00,235.00,82.67,92.00,0.49,-1,-1,-1
2028,758,276.17,235.17,82.50,91.67,0.50,-1,-1,-1
2029,758,275.33,234.50,84.33,93.67,0.49,-1,-1,-1
2030,758,275.33,234.67,84.33,93.33,0.49,-1,-1,-1
2031,758,276.17,235.67,83.83,91.33,0.49,-1,-1,-1
2032,758,275.67,236.00,83.67,90.33,0.49,-1,-1,-1
2033,758,275.17,235.00,84.17,91.67,0.49,-1,-1,-1
2034,758,275.17,235.17,83.83,91.67,0.49,-1,-1,-1
2035,758,275.83,234.67,82.50,93.33,0.49,-1,-1,-1
2036,758,276.17,234.33,83.50,94.33,0.49,-1,-1,-1
2037,758,275.83,235.67,82.50,92.33,0.49,-1,-1,-1
2038,758,275.67,235.50,83.00,93.33,0.49,-1,-1,-1
2039,758,276.00,237.67,83.67,92.33,0.49,-1,-1,-1
2040,758,275.83,235.00,83.83,94.00,0.48,-1,-1,-1
2041,758,275.67,237.00,85.00,93.67,0.49,-1,-1,-1
2042,758,275.83,236.17,84.50,95.67,0.49,-1,-1,-1
2043,758,276.00,235.67,83.33,94.67,0.50,-1,-1,-1
2044,758,275.67,235.67,83.67,95.00,0.49,-1,-1,-1
2045,758,276.17,235.00,82.83,95.00,0.50,-1,-1,-1
2046,758,275.50,235.33,83.83,93.33,0.50,-1,-1,-1
2047,758,276.83,236.67,82.83,93.67,0.50,-1,-1,-1
2047,759,988.00,412.67,292.00,143.33,0.46,-1,-1,-1
2048,758,276.17,235.67,84.50,95.00,0.49,-1,-1,-1
2048,760,462.00,357.33,372.67,133.33,0.46,-1,-1,-1
2049,758,276.17,235.67,84.17,95.67,0.49,-1,-1,-1
2050,758,276.00,235.50,84.33,95.33,0.49,-1,-1,-1
2051,758,276.00,235.00,84.00,96.33,0.49,-1,-1,-1
2052,758,275.83,235.67,84.50,95.33,0.49,-1,-1,-1
2053,758,276.33,235.83,83.33,95.00,0.50,-1,-1,-1
2054,758,276.33,235.50,84.00,95.33,0.49,-1,-1,-1
2055,758,276.00,238.67,84.33,92.00,0.49,-1,-1,-1
2056,758,276.00,238.17,84.33,92.67,0.49,-1,-1,-1
2057,758,276.33,238.83,83.67,92.33,0.48,-1,-1,-1
2058,758,276.17,238.67,84.17,92.33,0.49,-1,-1,-1
2059,758,276.00,238.50,83.67,92.33,0.49,-1,-1,-1
2060,758,276.00,238.33,83.67,92.67,0.49,-1,-1,-1
2061,758,276.00,235.67,82.33,95.67,0.50,-1,-1,-1
2062,758,275.50,239.33,89.83,93.67,0.41,-1,-1,-1
2063,758,275.50,234.50,84.83,98.33,0.42,-1,-1,-1
2064,758,275.67,235.33,86.33,96.33,0.46,-1,-1,-1
2065,758,275.67,232.17,83.33,101.00,0.50,-1,-1,-1
2066,758,275.00,237.00,89.00,96.33,0.40,-1,-1,-1
2067,758,275.67,238.83,85.67,97.00,0.39,-1,-1,-1
2068,758,272.33,249.33,94.00,95.33,0.33,-1,-1,-1
2069,758,269.67,252.50,95.67,97.83,0.49,-1,-1,-1
2070,758,264.67,263.67,106.00,104.00,0.41,-1,-1,-1
2070,761,494.00,559.67,276.67,160.33,0.45,-1,-1,-1
2071,758,255.67,270.00,115.00,118.33,0.43,-1,-1,-1
2071,762,475.67,409.67,185.33,191.33,0.45,-1,-1,-1
2072,758,252.00,287.33,125.00,134.00,0.43,-1,-1,-1
2072,763,458.00,322.33,131.33,125.33,0.48,-1,-1,-1
2073,758,279.50,306.83,171.83,145.83,0.25,-1,-1,-1
2073,764,444.67,264.17,101.33,86.17,0.48,-1,-1,-1
2074,765,366.00,340.67,275.33,158.00,0.48,-1,-1,-1
2075,766,646.00,380.33,328.00,166.00,0.46,-1,-1,-1
2076,767,1068.00,406.33,212.00,147.33,0.43,-1,-1,-1
2080,768,293.50,153.25,86.50,32.25,0.45,-1,-1,-1
2097,769,240.67,143.42,84.33,38.25,0.40,-1,-1,-1
2099,770,383.00,144.33,82.67,28.67,0.41,-1,-1,-1
2100,771,217.33,146.42,87.33,29.08,0.43,-1,-1,-1
2112,772,100.67,374.00,355.67,131.33,0.47,-1,-1,-1
2113,773,956.00,366.67,318.67,120.00,0.49,-1,-1,-1
2139,774,262.33,148.42,84.33,29.42,0.41,-1,-1,-1
2146,775,380.67,142.83,84.00,33.33,0.42,-1,-1,-1
2147,776,171.33,145.42,85.33,33.58,0.43,-1,-1,-1
2155,777,503.33,387.67,167.33,163.33,0.45,-1,-1,-1
2156,778,479.33,295.00,122.00,102.00,0.50,-1,-1,-1
2157,779,454.00,233.50,98.67,82.33,0.46,-1,-1,-1
2281,780,638.67,270.83,202.67,150.83,0.47,-1,-1,-1
2282,781,510.33,241.50,96.00,89.67,0.48,-1,-1,-1
2283,782,452.00,231.67,65.33,61.67,0.44,-1,-1,-1
2368,783,623.67,307.17,143.67,79.50,0.48,-1,-1,-1
2369,784,483.67,265.33,72.00,44.33,0.46,-1,-1,-1
2401,785,37.33,402.33,158.17,165.33,0.45,-1,-1,-1
2402,786,0.00,481.00,183.67,235.00,0.48,-1,-1,-1
2403,786,0.00,581.67,157.00,138.33,0.41,-1,-1,-1
2447,787,688.67,325.33,257.33,184.00,0.44,-1,-1,-1
2448,788,530.67,281.00,126.00,105.67,0.51,-1,-1,-1
2449,789,456.00,264.17,77.33,70.00,0.43,-1,-1,-1
2454,790,823.33,374.00,345.33,235.33,0.47,-1,-1,-1
2455,791,557.00,287.83,133.00,112.17,0.51,-1,-1,-1
2456,792,461.67,260.33,72.00,69.67,0.50,-1,-1,-1
2486,793,25.00,335.33,116.00,106.00,0.41,-1,-1,-1
2487,794,0.00,376.67,95.50,155.33,0.47,-1,-1,-1
