1,1,211.67,136.92,145.67,114.08,0.52,-1,-1,-1
1,2,779.33,150.75,77.33,68.75,0.49,-1,-1,-1
1,3,539.00,131.00,86.00,71.83,0.49,-1,-1,-1
1,4,438.67,120.33,86.67,63.33,0.48,-1,-1,-1
1,5,957.33,99.08,54.67,39.00,0.47,-1,-1,-1
2,1,33.25,178.67,201.75,148.67,0.49,-1,-1,-1
2,2,772.67,106.58,58.67,49.67,0.47,-1,-1,-1
2,3,428.33,193.67,132.67,111.00,0.52,-1,-1,-1
2,4,328.83,165.92,123.17,88.42,0.50,-1,-1,-1
2,5,956.67,98.75,54.67,39.33,0.47,-1,-1,-1
2,6,529.67,75.08,59.33,43.17,0.46,-1,-1,-1
3,2,770.00,76.75,45.33,39.00,0.36,-1,-1,-1
3,3,144.75,350.00,268.58,243.33,0.45,-1,-1,-1
3,4,54.33,276.33,232.67,164.67,0.43,-1,-1,-1
3,5,963.33,99.58,48.00,38.50,0.41,-1,-1,-1
3,7,492.33,93.08,69.33,49.33,0.49,-1,-1,-1
3,8,1048.00,385.00,228.00,186.00,0.48,-1,-1,-1
3,9,926.67,57.25,54.67,58.67,0.43,-1,-1,-1
4,5,957.33,98.92,53.33,39.17,0.47,-1,-1,-1
4,9,927.33,56.67,53.33,59.50,0.34,-1,-1,-1
4,10,334.33,156.50,124.00,85.00,0.48,-1,-1,-1
4,11,868.00,107.83,61.33,51.83,0.47,-1,-1,-1
4,12,541.00,77.38,56.00,42.38,0.44,-1,-1,-1
5,5,957.33,98.25,54.67,39.83,0.46,-1,-1,-1
5,9,926.00,53.83,56.00,61.33,0.42,-1,-1,-1
5,12,525.33,79.33,55.33,42.00,0.45,-1,-1,-1
5,13,892.00,150.00,77.33,66.33,0.48,-1,-1,-1
5,14,436.33,124.67,89.33,66.83,0.47,-1,-1,-1
6,5,958.00,98.83,53.33,39.33,0.46,-1,-1,-1
6,9,927.33,57.38,54.67,57.96,0.44,-1,-1,-1
6,12,317.00,175.67,132.00,98.00,0.50,-1,-1,-1
6,15,478.67,101.17,69.33,50.00,0.46,-1,-1,-1
6,16,854.00,92.83,48.00,41.33,0.42,-1,-1,-1
7,5,958.00,98.75,53.33,39.33,0.47,-1,-1,-1
7,9,927.33,53.75,54.67,61.33,0.41,-1,-1,-1
7,12,34.83,293.50,245.33,187.83,0.49,-1,-1,-1
7,17,395.67,132.58,94.00,66.25,0.48,-1,-1,-1
8,5,956.67,98.92,54.67,39.33,0.47,-1,-1,-1
8,9,927.33,57.29,54.67,58.71,0.43,-1,-1,-1
8,18,480.67,91.50,78.00,57.33,0.49,-1,-1,-1
8,19,66.00,252.33,227.67,180.00,0.49,-1,-1,-1
8,20,951.33,256.67,126.67,102.67,0.48,-1,-1,-1
9,5,956.67,98.67,54.67,39.50,0.47,-1,-1,-1
9,9,926.67,58.12,53.33,58.38,0.33,-1,-1,-1
9,21,240.17,176.17,160.83,122.33,0.48,-1,-1,-1
9,22,837.33,101.92,49.33,44.17,0.43,-1,-1,-1
10,5,958.00,99.00,53.33,39.00,0.45,-1,-1,-1
10,9,927.33,57.25,54.67,58.50,0.43,-1,-1,-1
10,23,503.33,79.75,69.33,53.83,0.49,-1,-1,-1
10,24,998.00,310.33,193.33,153.33,0.47,-1,-1,-1
10,25,957.33,152.08,89.33,73.08,0.47,-1,-1,-1
11,5,956.67,98.50,54.67,40.00,0.46,-1,-1,-1
11,9,926.67,56.25,53.33,59.17,0.37,-1,-1,-1
11,26,881.33,133.67,78.67,65.00,0.48,-1,-1,-1
11,27,275.00,165.58,152.67,102.75,0.46,-1,-1,-1
12,5,956.67,98.67,54.67,39.67,0.47,-1,-1,-1
12,9,920.67,54.25,60.00,61.83,0.34,-1,-1,-1
12,28,962.00,243.33,141.33,128.67,0.47,-1,-1,-1
13,5,957.33,98.67,54.67,39.67,0.47,-1,-1,-1
13,9,921.33,49.17,60.00,67.00,0.28,-1,-1,-1
13,29,890.00,143.00,80.00,76.00,0.49,-1,-1,-1
13,30,1115.33,568.00,164.00,152.00,0.45,-1,-1,-1
14,5,958.00,98.92,53.33,39.17,0.47,-1,-1,-1
14,9,920.00,51.79,61.33,64.04,0.38,-1,-1,-1
14,31,934.00,251.00,138.67,108.00,0.49,-1,-1,-1
14,32,856.67,97.58,54.67,52.00,0.46,-1,-1,-1
15,5,958.00,98.67,53.33,39.50,0.45,-1,-1,-1
15,9,919.33,55.92,61.33,59.83,0.36,-1,-1,-1
15,33,874.00,147.08,80.00,67.25,0.48,-1,-1,-1
15,34,886.67,340.67,162.67,140.00,0.48,-1,-1,-1
16,5,956.67,98.92,54.67,39.17,0.46,-1,-1,-1
16,9,920.00,49.58,61.33,64.08,0.28,-1,-1,-1
16,35,1086.00,495.33,193.33,222.00,0.49,-1,-1,-1
16,36,802.00,172.33,82.67,74.33,0.48,-1,-1,-1
16,37,842.00,98.33,54.67,45.17,0.45,-1,-1,-1
17,5,956.67,98.58,54.67,39.67,0.47,-1,-1,-1
17,9,918.67,56.50,61.33,58.50,0.40,-1,-1,-1
17,37,850.00,92.50,52.00,42.33,0.44,-1,-1,-1
17,38,963.33,280.50,162.67,125.50,0.47,-1,-1,-1
18,5,956.67,98.67,54.67,39.67,0.47,-1,-1,-1
18,9,918.67,58.04,61.33,56.79,0.40,-1,-1,-1
18,39,884.67,160.08,90.67,70.08,0.48,-1,-1,-1
18,40,624.33,75.67,54.00,46.50,0.43,-1,-1,-1
18,41,246.50,413.33,303.50,273.33,0.42,-1,-1,-1
19,5,957.33,98.75,54.67,39.17,0.46,-1,-1,-1
19,9,927.33,58.38,53.33,56.96,0.43,-1,-1,-1
19,40,618.33,80.42,56.67,49.00,0.42,-1,-1,-1
19,42,99.08,272.67,205.25,147.33,0.48,-1,-1,-1
19,43,847.33,106.58,60.00,47.33,0.46,-1,-1,-1
20,5,957.33,98.67,54.67,39.83,0.47,-1,-1,-1
20,9,926.67,57.67,54.67,58.17,0.44,-1,-1,-1
20,40,614.67,83.33,58.67,50.00,0.42,-1,-1,-1
20,44,0.00,189.50,139.50,96.00,0.52,-1,-1,-1
21,5,957.33,98.58,54.67,39.67,0.46,-1,-1,-1
21,9,926.67,56.17,54.67,60.67,0.40,-1,-1,-1
21,40,612.00,85.33,59.33,51.33,0.42,-1,-1,-1
21,45,978.67,289.00,146.67,120.00,0.48,-1,-1,-1
22,5,958.00,97.92,53.33,40.17,0.46,-1,-1,-1
22,9,926.67,59.58,56.00,54.67,0.38,-1,-1,-1
22,40,611.33,85.50,59.33,51.50,0.41,-1,-1,-1
22,46,560.33,66.17,47.33,37.83,0.43,-1,-1,-1
22,47,898.00,132.58,62.67,53.08,0.42,-1,-1,-1
23,5,962.00,99.25,49.33,39.00,0.37,-1,-1,-1
23,9,926.67,55.04,54.67,61.46,0.31,-1,-1,-1
23,40,610.33,85.83,60.00,53.33,0.44,-1,-1,-1
23,48,895.33,419.33,193.33,187.33,0.48,-1,-1,-1
23,49,524.00,81.50,56.67,43.17,0.46,-1,-1,-1
23,50,879.33,90.50,44.00,38.33,0.44,-1,-1,-1
24,5,964.67,100.00,46.67,38.50,0.41,-1,-1,-1
24,9,926.00,47.58,57.33,69.42,0.15,-1,-1,-1
24,40,610.00,86.50,60.00,53.33,0.44,-1,-1,-1
24,49,517.00,84.17,58.00,44.83,0.48,-1,-1,-1
24,50,876.67,80.71,38.67,34.54,0.41,-1,-1,-1
24,51,836.67,237.00,106.67,92.00,0.48,-1,-1,-1
25,5,963.33,98.50,48.00,39.17,0.40,-1,-1,-1
25,9,926.00,52.71,53.33,64.12,0.21,-1,-1,-1
25,40,609.00,86.67,60.67,53.50,0.44,-1,-1,-1
25,49,516.00,84.08,58.00,44.67,0.47,-1,-1,-1
25,50,878.00,73.92,36.00,32.00,0.34,-1,-1,-1
25,52,806.67,153.92,73.33,63.58,0.49,-1,-1,-1
25,53,1100.00,488.33,178.67,228.33,0.48,-1,-1,-1
26,5,962.00,98.83,49.33,39.33,0.44,-1,-1,-1
26,9,924.00,54.71,54.67,58.29,0.31,-1,-1,-1
26,40,607.67,88.08,61.33,53.00,0.43,-1,-1,-1
26,49,515.67,84.08,58.00,44.67,0.47,-1,-1,-1
26,54,948.00,238.33,130.67,114.67,0.49,-1,-1,-1
26,55,791.33,111.50,53.33,46.50,0.43,-1,-1,-1
27,5,958.00,98.67,53.33,39.83,0.46,-1,-1,-1
27,9,924.00,49.83,54.67,63.83,0.42,-1,-1,-1
27,40,607.00,88.67,61.33,53.33,0.44,-1,-1,-1
27,49,516.00,84.75,58.00,44.83,0.48,-1,-1,-1
27,56,889.33,151.17,82.67,72.33,0.49,-1,-1,-1
27,57,780.00,82.67,42.67,37.17,0.40,-1,-1,-1
27,50,878.00,73.92,36.00,32.00,0.45,-1,-1,-1
28,5,956.00,98.50,56.00,39.67,0.47,-1,-1,-1
28,9,919.33,52.17,54.67,58.67,0.37,-1,-1,-1
28,40,606.33,89.58,61.33,52.17,0.43,-1,-1,-1
28,49,515.33,84.83,58.00,44.83,0.48,-1,-1,-1
28,58,1104.00,239.33,144.00,102.00,0.52,-1,-1,-1
29,5,956.67,98.08,54.67,39.33,0.46,-1,-1,-1
29,9,918.67,48.50,57.33,62.50,0.37,-1,-1,-1
29,40,607.00,89.00,60.67,52.33,0.42,-1,-1,-1
29,49,515.67,84.33,58.00,44.50,0.47,-1,-1,-1
29,59,956.00,263.67,181.33,128.33,0.48,-1,-1,-1
30,5,956.67,98.50,54.67,39.67,0.47,-1,-1,-1
30,9,918.67,49.71,57.33,61.46,0.38,-1,-1,-1
30,40,606.33,89.17,60.67,53.00,0.43,-1,-1,-1
30,49,515.67,84.58,58.00,44.67,0.47,-1,-1,-1
30,60,743.33,311.50,236.00,181.83,0.48,-1,-1,-1
31,5,956.00,98.17,54.67,39.33,0.47,-1,-1,-1
31,9,918.67,49.67,56.00,61.42,0.36,-1,-1,-1
31,40,605.00,89.58,60.67,52.50,0.44,-1,-1,-1
31,49,515.33,84.67,58.00,44.50,0.47,-1,-1,-1
32,40,515.00,154.75,100.67,88.25,0.48,-1,-1,-1
32,49,503.33,90.33,60.00,44.67,0.44,-1,-1,-1
32,61,606.33,88.17,58.00,49.50,0.44,-1,-1,-1
32,50,878.00,73.92,36.00,32.00,0.47,-1,-1,-1
33,49,454.00,113.42,70.00,54.17,0.48,-1,-1,-1
33,50,906.00,65.50,34.67,28.17,0.47,-1,-1,-1
33,62,525.67,141.42,89.33,75.08,0.49,-1,-1,-1
33,63,1.00,575.33,290.67,144.67,0.41,-1,-1,-1
34,49,323.67,168.33,110.00,85.00,0.49,-1,-1,-1
34,50,905.33,65.12,34.67,28.12,0.47,-1,-1,-1
34,63,36.33,427.00,320.67,287.67,0.37,-1,-1,-1
34,64,1120.67,533.67,158.67,183.67,0.48,-1,-1,-1
34,65,591.67,99.25,67.33,53.00,0.46,-1,-1,-1
34,66,510.67,71.00,60.67,46.00,0.42,-1,-1,-1
35,50,906.00,65.42,34.67,28.17,0.47,-1,-1,-1
35,65,600.33,82.00,64.67,58.00,0.45,-1,-1,-1
35,67,478.00,177.50,117.33,93.33,0.50,-1,-1,-1
35,68,896.67,237.83,149.33,109.50,0.48,-1,-1,-1
35,69,458.33,92.67,74.67,57.50,0.47,-1,-1,-1
35,70,1.08,365.67,132.75,229.33,0.41,-1,-1,-1
36,50,906.00,65.33,34.67,28.42,0.47,-1,-1,-1
36,65,300.50,285.67,206.17,174.67,0.48,-1,-1,-1
36,71,563.00,102.75,80.00,72.42,0.49,-1,-1,-1
36,72,832.67,168.50,104.00,79.00,0.49,-1,-1,-1
36,73,403.33,112.92,92.67,72.08,0.49,-1,-1,-1
36,74,1064.67,429.00,215.33,205.33,0.44,-1,-1,-1
37,50,905.33,65.17,34.67,28.17,0.47,-1,-1,-1
37,75,302.50,151.33,125.50,95.00,0.50,-1,-1,-1
37,76,500.00,139.67,104.67,93.67,0.50,-1,-1,-1
37,77,976.67,281.83,149.33,119.50,0.47,-1,-1,-1
37,78,792.67,125.17,77.33,62.33,0.46,-1,-1,-1
37,79,532.00,58.42,55.33,46.42,0.42,-1,-1,-1
38,50,906.67,65.21,34.67,28.29,0.48,-1,-1,-1
38,80,504.00,70.17,63.33,51.67,0.46,-1,-1,-1
38,81,892.00,147.33,74.67,61.33,0.45,-1,-1,-1
39,50,906.00,65.29,34.67,27.96,0.47,-1,-1,-1
39,80,519.00,89.58,59.33,46.33,0.47,-1,-1,-1
39,82,355.33,118.08,106.67,84.25,0.49,-1,-1,-1
39,83,313.33,265.33,173.33,161.33,0.48,-1,-1,-1
39,84,843.33,90.08,44.00,38.50,0.42,-1,-1,-1
40,50,904.67,65.42,36.00,28.00,0.47,-1,-1,-1
40,80,88.17,199.33,200.33,148.33,0.47,-1,-1,-1
40,85,438.00,128.67,85.33,65.83,0.49,-1,-1,-1
40,86,1044.00,374.33,214.67,174.00,0.46,-1,-1,-1
41,50,906.67,65.00,34.67,28.58,0.47,-1,-1,-1
41,87,262.50,210.83,146.83,113.00,0.52,-1,-1,-1
41,88,877.33,129.17,72.00,63.00,0.46,-1,-1,-1
42,50,906.00,65.50,33.33,25.83,0.35,-1,-1,-1
42,89,937.33,181.17,106.67,89.33,0.49,-1,-1,-1
42,90,921.33,76.46,42.67,32.21,0.48,-1,-1,-1
42,91,344.00,595.67,270.00,124.33,0.45,-1,-1,-1
43,50,907.33,65.62,32.00,25.21,0.32,-1,-1,-1
43,90,922.00,76.42,42.67,32.17,0.49,-1,-1,-1
43,92,1020.00,346.00,184.00,144.67,0.47,-1,-1,-1
43,93,860.00,94.17,53.33,46.50,0.46,-1,-1,-1
44,50,905.33,64.83,32.00,25.42,0.35,-1,-1,-1
44,90,920.00,76.12,42.67,31.79,0.47,-1,-1,-1
44,94,914.67,182.33,94.67,82.33,0.49,-1,-1,-1
45,50,906.67,65.58,32.00,25.42,0.33,-1,-1,-1
45,90,921.33,76.33,42.67,31.67,0.48,-1,-1,-1
45,95,66.00,109.17,323.67,300.83,0.41,-1,-1,-1
46,50,907.33,65.46,32.00,25.29,0.31,-1,-1,-1
46,90,922.67,76.46,42.67,31.54,0.48,-1,-1,-1
46,95,0.33,87.75,263.50,222.58,0.30,-1,-1,-1
46,96,253.33,421.33,295.33,281.33,0.45,-1,-1,-1
46,97,550.67,68.25,57.33,42.67,0.42,-1,-1,-1
47,50,904.67,65.33,28.00,25.17,0.39,-1,-1,-1
47,90,919.33,75.67,42.67,32.50,0.44,-1,-1,-1
47,95,0.00,146.83,150.00,108.33,0.36,-1,-1,-1
47,97,541.67,71.00,58.67,44.17,0.43,-1,-1,-1
47,98,104.17,284.83,224.67,171.83,0.49,-1,-1,-1
48,50,904.67,65.12,32.00,25.38,0.40,-1,-1,-1
48,90,918.67,75.75,42.67,32.67,0.45,-1,-1,-1
48,97,536.33,74.33,60.67,45.00,0.47,-1,-1,-1
48,99,978.67,305.83,166.67,144.50,0.47,-1,-1,-1
49,50,906.67,65.17,32.00,25.33,0.38,-1,-1,-1
49,90,921.33,76.12,42.67,32.04,0.48,-1,-1,-1
49,97,538.67,73.75,60.00,45.67,0.47,-1,-1,-1
49,100,894.67,172.33,93.33,81.00,0.48,-1,-1,-1
50,101,157.67,323.17,259.67,152.17,0.48,-1,-1,-1
50,102,931.33,223.17,204.00,82.33,0.47,-1,-1,-1
51,101,156.67,322.67,260.33,152.67,0.48,-1,-1,-1
51,102,890.67,223.50,205.33,81.00,0.47,-1,-1,-1
52,101,157.92,322.67,259.42,152.67,0.48,-1,-1,-1
52,102,653.00,216.00,186.33,78.67,0.43,-1,-1,-1
53,101,157.50,322.67,259.83,152.67,0.48,-1,-1,-1
53,103,386.67,200.83,148.00,64.67,0.47,-1,-1,-1
54,101,158.42,323.33,259.58,152.67,0.48,-1,-1,-1
54,104,923.33,218.00,210.67,77.67,0.45,-1,-1,-1
55,101,158.58,323.00,259.42,152.67,0.48,-1,-1,-1
55,105,443.00,192.50,149.33,64.33,0.49,-1,-1,-1
56,101,157.08,322.50,261.25,153.17,0.48,-1,-1,-1
56,106,276.17,169.17,118.83,56.67,0.47,-1,-1,-1
56,107,1154.00,215.67,125.33,85.67,0.46,-1,-1,-1
57,101,157.75,322.67,259.58,152.67,0.48,-1,-1,-1
57,108,941.33,225.00,206.67,80.67,0.47,-1,-1,-1
57,109,135.25,150.00,100.42,49.33,0.42,-1,-1,-1
58,101,157.42,323.33,259.58,152.67,0.48,-1,-1,-1
58,110,495.33,199.67,146.00,68.33,0.47,-1,-1,-1
59,101,157.67,323.33,259.67,152.67,0.48,-1,-1,-1
59,111,348.00,178.83,116.67,57.33,0.46,-1,-1,-1
60,101,470.00,415.33,384.67,227.33,0.35,-1,-1,-1
60,112,0.17,274.00,118.17,100.67,0.49,-1,-1,-1
60,113,1064.00,210.00,216.00,219.00,0.43,-1,-1,-1
61,114,86.08,322.33,239.58,139.33,0.47,-1,-1,-1
61,115,224.50,139.75,172.83,116.25,0.43,-1,-1,-1
62,116,270.17,374.00,299.83,162.67,0.48,-1,-1,-1
62,117,28.33,118.25,134.33,98.42,0.46,-1,-1,-1
62,118,788.00,233.17,210.67,82.33,0.43,-1,-1,-1
63,118,750.67,258.50,210.67,100.83,0.45,-1,-1,-1
63,119,407.33,186.83,138.00,63.33,0.49,-1,-1,-1
64,118,161.67,154.83,104.33,50.00,0.45,-1,-1,-1
64,119,368.67,205.00,162.00,77.00,0.47,-1,-1,-1
65,120,226.00,165.17,176.00,86.33,0.47,-1,-1,-1
66,121,180.00,234.50,181.67,107.83,0.47,-1,-1,-1
67,122,490.67,429.33,359.33,241.33,0.45,-1,-1,-1
68,123,15.88,202.67,157.79,96.33,0.49,-1,-1,-1
69,124,154.00,231.83,194.67,117.83,0.47,-1,-1,-1
70,125,265.67,256.67,226.67,135.33,0.48,-1,-1,-1
71,125,333.33,269.00,246.67,147.33,0.48,-1,-1,-1
72,125,354.67,274.00,252.67,150.00,0.49,-1,-1,-1
73,125,355.67,274.33,252.67,150.00,0.49,-1,-1,-1
74,125,355.00,274.17,252.67,150.17,0.49,-1,-1,-1
74,126,0.67,207.00,117.25,75.33,0.48,-1,-1,-1
74,127,972.00,221.67,228.00,77.33,0.46,-1,-1,-1
74,128,0.08,265.33,68.92,117.67,0.41,-1,-1,-1
75,125,355.33,274.17,252.67,150.17,0.49,-1,-1,-1
75,129,74.83,226.50,160.67,87.33,0.49,-1,-1,-1
75,130,0.00,300.00,193.67,134.00,0.48,-1,-1,-1
75,131,756.67,215.50,206.67,76.00,0.45,-1,-1,-1
75,102,653.00,216.00,186.33,78.67,0.48,-1,-1,-1
76,125,356.00,274.33,252.00,150.00,0.49,-1,-1,-1
76,129,129.92,238.00,174.08,95.33,0.48,-1,-1,-1
76,130,37.08,319.83,238.25,148.17,0.49,-1,-1,-1
76,131,755.33,238.50,253.33,95.33,0.49,-1,-1,-1
76,132,534.33,199.50,178.33,69.67,0.45,-1,-1,-1
77,125,356.00,274.50,251.33,149.50,0.49,-1,-1,-1
77,129,142.00,241.33,178.67,96.67,0.48,-1,-1,-1
77,130,46.25,323.33,241.75,150.67,0.47,-1,-1,-1
77,131,350.00,179.17,141.33,60.00,0.47,-1,-1,-1
77,132,465.00,217.00,204.67,85.33,0.48,-1,-1,-1
77,133,1047.33,201.33,136.00,89.33,0.51,-1,-1,-1
78,125,356.00,274.67,252.00,150.00,0.49,-1,-1,-1
78,129,141.67,241.83,178.67,96.33,0.48,-1,-1,-1
78,130,46.17,324.17,241.67,150.17,0.47,-1,-1,-1
78,131,190.00,158.67,118.67,51.00,0.43,-1,-1,-1
78,134,246.83,188.17,145.83,70.00,0.47,-1,-1,-1
79,125,356.67,274.67,252.00,150.00,0.49,-1,-1,-1
79,129,142.25,242.00,178.75,96.00,0.48,-1,-1,-1
79,130,46.92,324.17,241.42,150.50,0.47,-1,-1,-1
79,135,73.00,161.17,114.83,60.67,0.48,-1,-1,-1
79,136,554.00,185.17,166.67,82.00,0.45,-1,-1,-1
80,125,356.33,274.83,252.00,149.50,0.49,-1,-1,-1
80,129,142.33,242.00,178.33,96.00,0.48,-1,-1,-1
80,130,46.50,324.17,241.33,150.17,0.47,-1,-1,-1
80,137,353.33,167.42,146.00,70.75,0.45,-1,-1,-1
81,125,356.00,274.33,252.00,150.00,0.49,-1,-1,-1
81,129,142.17,241.17,178.33,96.33,0.48,-1,-1,-1
81,130,46.42,323.67,240.92,150.00,0.47,-1,-1,-1
81,138,209.33,149.58,117.67,60.42,0.46,-1,-1,-1
82,125,649.33,328.33,364.00,206.67,0.46,-1,-1,-1
82,129,158.00,243.67,183.33,98.67,0.47,-1,-1,-1
82,130,104.17,342.67,263.83,164.00,0.43,-1,-1,-1
82,139,0.00,198.00,114.33,79.00,0.48,-1,-1,-1
83,129,194.33,252.67,187.00,104.67,0.48,-1,-1,-1
83,130,200.00,374.00,294.67,188.67,0.47,-1,-1,-1
83,139,0.00,200.50,128.42,79.33,0.48,-1,-1,-1
84,129,251.33,265.33,207.33,114.00,0.48,-1,-1,-1
84,130,392.67,435.67,380.00,242.00,0.45,-1,-1,-1
84,139,15.62,206.33,144.04,81.67,0.50,-1,-1,-1
85,129,347.67,284.67,234.00,125.33,0.49,-1,-1,-1
85,130,767.33,562.00,409.33,158.00,0.29,-1,-1,-1
85,139,57.75,215.50,152.92,87.33,0.51,-1,-1,-1
85,140,0.15,242.83,72.85,122.50,0.44,-1,-1,-1
86,129,473.00,307.67,280.33,138.00,0.47,-1,-1,-1
86,139,117.67,226.33,165.67,93.33,0.49,-1,-1,-1
86,141,0.00,281.33,208.50,136.00,0.48,-1,-1,-1
87,129,673.33,329.00,326.67,146.00,0.47,-1,-1,-1
87,139,200.00,243.50,185.00,104.17,0.47,-1,-1,-1
87,142,162.33,337.33,294.00,176.67,0.49,-1,-1,-1
88,129,962.00,343.33,318.00,141.33,0.49,-1,-1,-1
88,139,300.67,265.00,210.67,119.67,0.48,-1,-1,-1
89,139,440.33,290.33,250.33,135.33,0.49,-1,-1,-1
89,143,0.00,275.50,189.00,150.17,0.47,-1,-1,-1
89,144,0.00,182.17,62.54,75.00,0.47,-1,-1,-1
90,139,639.33,315.83,304.00,149.17,0.48,-1,-1,-1
90,145,18.67,206.33,149.67,79.33,0.50,-1,-1,-1
90,146,181.33,344.00,309.67,208.67,0.45,-1,-1,-1
91,147,917.33,330.17,348.00,143.83,0.47,-1,-1,-1
91,148,108.75,224.50,172.58,92.33,0.46,-1,-1,-1
92,139,639.33,315.83,304.00,149.17,0.48,-1,-1,-1
93,139,509.33,302.67,289.33,142.67,0.49,-1,-1,-1
93,149,0.00,226.00,157.25,117.67,0.47,-1,-1,-1
94,150,411.33,339.33,320.00,213.33,0.48,-1,-1,-1
94,151,668.33,327.17,336.33,161.50,0.47,-1,-1,-1
95,152,817.33,347.33,390.67,183.33,0.42,-1,-1,-1
96,153,1129.33,389.33,150.67,160.00,0.41,-1,-1,-1
96,118,161.67,154.83,104.33,50.00,0.46,-1,-1,-1
97,153,1129.33,390.00,150.67,158.67,0.43,-1,-1,-1
97,118,377.00,180.83,138.67,64.33,0.49,-1,-1,-1
98,153,1129.33,392.67,150.67,156.00,0.42,-1,-1,-1
98,118,151.33,150.17,103.00,53.33,0.45,-1,-1,-1
98,154,832.00,269.00,293.33,108.00,0.48,-1,-1,-1
99,153,1129.33,388.67,150.67,160.67,0.43,-1,-1,-1
99,155,543.67,207.33,163.00,65.67,0.45,-1,-1,-1
99,156,260.67,188.50,146.67,64.33,0.45,-1,-1,-1
99,157,0.00,130.00,82.33,46.33,0.45,-1,-1,-1
100,153,1130.67,388.67,149.33,160.67,0.44,-1,-1,-1
100,158,214.67,161.92,122.00,51.58,0.45,-1,-1,-1
101,153,1130.67,389.33,149.33,160.00,0.43,-1,-1,-1
101,159,330.00,178.33,126.00,57.33,0.47,-1,-1,-1
102,153,1130.67,390.67,149.33,158.00,0.44,-1,-1,-1
102,160,489.33,218.50,195.33,87.33,0.46,-1,-1,-1
102,161,1124.67,262.17,155.33,97.50,0.46,-1,-1,-1
102,162,94.17,146.17,97.33,48.67,0.44,-1,-1,-1
103,153,1130.67,388.33,149.33,160.67,0.45,-1,-1,-1
103,160,561.67,202.50,154.33,69.67,0.48,-1,-1,-1
103,163,114.75,164.33,115.25,61.67,0.47,-1,-1,-1
104,153,1130.67,387.67,149.33,160.67,0.44,-1,-1,-1
104,164,252.67,165.08,112.67,54.08,0.46,-1,-1,-1
105,153,1130.67,392.33,149.33,156.67,0.44,-1,-1,-1
105,165,826.00,265.50,272.00,111.17,0.47,-1,-1,-1
105,166,53.50,140.25,87.83,44.75,0.46,-1,-1,-1
106,153,1129.33,389.67,150.67,159.33,0.44,-1,-1,-1
106,167,209.67,180.83,130.00,61.00,0.45,-1,-1,-1
107,168,0.58,284.67,229.08,134.00,0.48,-1,-1,-1
108,168,47.17,297.33,246.50,144.67,0.48,-1,-1,-1
109,168,80.00,309.00,255.33,152.67,0.49,-1,-1,-1
110,168,96.67,314.00,268.33,152.67,0.49,-1,-1,-1
111,168,112.33,318.50,274.33,157.50,0.48,-1,-1,-1
112,168,190.33,343.00,304.00,171.33,0.48,-1,-1,-1
113,168,329.00,383.67,379.00,212.00,0.38,-1,-1,-1
114,169,65.62,218.67,153.21,91.33,0.49,-1,-1,-1
115,170,236.33,252.17,185.67,112.50,0.47,-1,-1,-1
115,171,9.08,244.50,221.92,150.17,0.45,-1,-1,-1
115,172,1077.33,300.17,202.67,127.17,0.45,-1,-1,-1
116,173,609.00,233.67,195.00,93.00,0.46,-1,-1,-1
116,174,0.04,175.00,46.04,88.00,0.42,-1,-1,-1
117,175,298.67,193.17,136.00,68.33,0.51,-1,-1,-1
117,176,724.67,330.00,297.33,163.33,0.49,-1,-1,-1
117,177,17.33,197.17,178.83,104.67,0.45,-1,-1,-1
118,178,846.67,234.33,210.67,88.67,0.47,-1,-1,-1
118,179,142.83,225.00,246.50,127.33,0.47,-1,-1,-1
118,180,1040.67,358.33,238.67,163.33,0.47,-1,-1,-1
118,181,81.92,161.17,106.08,55.33,0.46,-1,-1,-1
119,182,536.67,197.33,152.00,70.33,0.47,-1,-1,-1
119,183,350.00,255.17,284.00,152.17,0.46,-1,-1,-1
119,184,110.33,326.00,296.67,195.33,0.45,-1,-1,-1
120,185,23.17,192.83,163.33,100.00,0.48,-1,-1,-1
120,186,308.17,169.67,114.50,58.67,0.48,-1,-1,-1
121,187,208.67,231.17,213.00,126.83,0.47,-1,-1,-1
121,188,133.25,147.00,91.42,51.33,0.45,-1,-1,-1
122,189,446.00,272.67,292.67,162.67,0.49,-1,-1,-1
122,190,23.33,295.00,245.67,157.33,0.48,-1,-1,-1
122,191,0.46,127.83,71.62,46.00,0.43,-1,-1,-1
122,192,1133.33,324.50,146.67,129.50,0.41,-1,-1,-1
123,193,738.67,307.00,384.00,180.00,0.45,-1,-1,-1
124,194,1090.00,320.33,189.33,166.00,0.47,-1,-1,-1
124,195,85.83,223.00,162.83,89.33,0.47,-1,-1,-1
124,196,0.08,261.00,174.92,134.00,0.47,-1,-1,-1
125,197,451.67,303.00,268.33,122.00,0.43,-1,-1,-1
126,198,65.25,220.33,181.75,91.33,0.47,-1,-1,-1
127,199,300.33,270.33,251.33,124.00,0.47,-1,-1,-1
128,200,658.00,326.00,378.67,150.67,0.40,-1,-1,-1
128,168,329.00,383.67,379.00,212.00,0.48,-1,-1,-1
129,201,359.67,202.00,76.67,70.67,0.50,-1,-1,-1
130,202,297.67,264.67,114.67,114.67,0.52,-1,-1,-1
131,203,97.83,438.33,250.17,281.67,0.44,-1,-1,-1
132,204,938.00,319.00,205.33,136.00,0.48,-1,-1,-1
133,205,805.33,238.83,120.00,88.33,0.48,-1,-1,-1
134,206,723.33,194.33,85.33,62.67,0.49,-1,-1,-1
135,207,221.00,224.00,99.33,82.00,0.49,-1,-1,-1
135,208,265.00,159.58,51.00,44.92,0.49,-1,-1,-1
136,209,228.83,174.67,60.00,51.33,0.49,-1,-1,-1
136,210,39.50,320.50,180.50,140.17,0.48,-1,-1,-1
137,211,193.50,189.33,69.33,58.67,0.49,-1,-1,-1
138,212,159.75,202.83,78.25,66.00,0.50,-1,-1,-1
139,212,128.08,215.50,87.58,71.67,0.49,-1,-1,-1
140,212,106.83,219.67,92.17,80.33,0.49,-1,-1,-1
141,212,94.25,226.00,98.08,79.67,0.49,-1,-1,-1
141,213,452.33,424.00,385.00,158.67,0.43,-1,-1,-1
142,212,94.75,226.00,97.92,80.00,0.49,-1,-1,-1
142,213,464.67,400.00,415.33,182.00,0.39,-1,-1,-1
143,212,94.50,226.00,97.83,80.00,0.49,-1,-1,-1
144,212,94.50,226.50,97.67,79.67,0.49,-1,-1,-1
144,214,774.67,363.00,345.33,203.33,0.48,-1,-1,-1
145,212,94.42,226.33,97.92,79.67,0.49,-1,-1,-1
146,215,258.17,169.67,49.33,39.00,0.49,-1,-1,-1
146,216,168.50,206.17,74.67,53.67,0.49,-1,-1,-1
146,217,1035.33,396.33,244.00,163.33,0.49,-1,-1,-1
146,218,9.88,236.17,144.79,84.67,0.47,-1,-1,-1
147,215,236.17,179.17,55.67,43.33,0.49,-1,-1,-1
147,219,871.33,292.00,172.00,105.33,0.48,-1,-1,-1
147,220,128.00,221.50,85.67,60.33,0.48,-1,-1,-1
148,215,211.50,190.67,61.67,47.00,0.50,-1,-1,-1
148,221,53.92,240.00,111.83,72.67,0.49,-1,-1,-1
148,222,773.33,237.33,114.67,70.67,0.48,-1,-1,-1
149,215,178.33,203.50,72.00,53.00,0.48,-1,-1,-1
149,223,712.67,200.00,82.67,56.00,0.49,-1,-1,-1
149,224,959.33,588.67,320.67,131.33,0.47,-1,-1,-1
149,225,0.00,273.17,58.54,79.17,0.45,-1,-1,-1
150,215,132.17,220.17,86.33,60.33,0.48,-1,-1,-1
150,226,672.00,175.00,64.00,45.00,0.49,-1,-1,-1
150,227,798.67,404.67,220.00,152.67,0.48,-1,-1,-1
151,215,50.88,239.33,114.62,70.00,0.47,-1,-1,-1
151,228,712.67,303.67,141.33,104.67,0.52,-1,-1,-1
151,229,643.67,156.92,52.33,37.42,0.49,-1,-1,-1
152,230,662.67,250.33,97.33,75.00,0.49,-1,-1,-1
152,231,622.67,143.33,44.67,31.83,0.49,-1,-1,-1
152,232,0.12,266.17,67.17,85.83,0.43,-1,-1,-1
153,233,628.00,211.83,75.33,57.33,0.50,-1,-1,-1
153,234,607.67,133.25,38.00,28.83,0.49,-1,-1,-1
154,235,916.67,233.00,124.00,74.33,0.50,-1,-1,-1
155,236,796.67,189.00,78.67,50.67,0.50,-1,-1,-1
156,237,160.75,204.83,79.92,62.67,0.50,-1,-1,-1
156,238,330.33,247.00,96.00,80.67,0.50,-1,-1,-1
156,239,363.00,143.42,38.00,33.75,0.42,-1,-1,-1
157,240,85.00,227.33,104.00,74.00,0.48,-1,-1,-1
157,241,341.67,156.17,46.00,40.00,0.47,-1,-1,-1
157,242,150.58,422.00,210.08,208.00,0.47,-1,-1,-1
158,243,270.50,200.83,73.50,65.67,0.49,-1,-1,-1
159,244,194.67,244.33,103.00,88.33,0.49,-1,-1,-1
160,245,33.42,323.50,172.92,154.50,0.48,-1,-1,-1
161,246,264.50,219.17,78.50,61.33,0.48,-1,-1,-1
162,247,140.33,296.00,128.67,100.67,0.50,-1,-1,-1
163,248,898.67,306.00,174.67,110.00,0.47,-1,-1,-1
163,249,240.17,179.00,55.00,42.67,0.46,-1,-1,-1
164,249,218.33,188.67,59.33,46.67,0.49,-1,-1,-1
164,250,746.00,221.83,96.00,65.33,0.49,-1,-1,-1
165,249,197.17,197.83,65.00,49.33,0.49,-1,-1,-1
165,251,673.00,178.33,63.67,46.00,0.47,-1,-1,-1
166,249,106.33,233.17,89.83,64.33,0.49,-1,-1,-1
166,252,922.67,279.33,256.00,114.00,0.48,-1,-1,-1
167,249,104.67,233.33,89.83,64.67,0.48,-1,-1,-1
167,253,485.33,293.50,259.33,117.17,0.49,-1,-1,-1
167,254,1.25,545.00,185.42,175.00,0.44,-1,-1,-1
168,249,105.00,233.33,90.33,65.00,0.48,-1,-1,-1
168,255,302.00,275.33,271.33,140.00,0.50,-1,-1,-1
168,256,365.00,146.58,34.67,29.25,0.42,-1,-1,-1
169,249,105.17,233.33,90.17,64.67,0.48,-1,-1,-1
169,257,558.33,239.67,187.00,114.33,0.49,-1,-1,-1
169,258,348.33,157.33,40.67,34.00,0.41,-1,-1,-1
170,249,104.83,233.33,90.50,64.67,0.48,-1,-1,-1
170,259,698.00,213.83,113.33,90.67,0.50,-1,-1,-1
170,260,331.17,169.67,46.50,39.00,0.47,-1,-1,-1
171,249,105.00,233.17,90.67,65.00,0.48,-1,-1,-1
171,259,736.00,193.17,74.67,76.00,0.51,-1,-1,-1
171,260,315.17,182.00,52.17,45.00,0.48,-1,-1,-1
172,249,105.50,233.00,88.33,56.33,0.48,-1,-1,-1
172,259,709.33,175.33,74.67,66.33,0.51,-1,-1,-1
172,260,300.67,193.33,58.33,49.33,0.48,-1,-1,-1
172,261,1163.33,290.00,116.67,102.00,0.46,-1,-1,-1
173,249,104.67,233.33,90.67,64.67,0.48,-1,-1,-1
173,259,681.33,162.17,66.67,58.67,0.50,-1,-1,-1
173,260,287.83,202.83,62.50,53.67,0.47,-1,-1,-1
173,261,1080.00,291.00,200.00,102.67,0.48,-1,-1,-1
173,262,250.00,256.67,374.67,216.00,0.48,-1,-1,-1
174,249,104.83,233.17,91.17,65.00,0.48,-1,-1,-1
174,259,657.33,151.50,60.00,52.67,0.50,-1,-1,-1
174,260,275.83,212.00,67.50,56.33,0.48,-1,-1,-1
174,261,1012.67,289.00,266.67,106.67,0.49,-1,-1,-1
174,263,495.67,231.33,299.67,187.67,0.49,-1,-1,-1
175,249,105.00,232.83,90.33,65.00,0.48,-1,-1,-1
175,259,639.00,142.50,51.67,46.67,0.50,-1,-1,-1
175,260,265.83,218.17,71.33,60.67,0.48,-1,-1,-1
175,261,948.67,293.67,269.33,104.00,0.49,-1,-1,-1
175,264,684.00,209.67,213.33,162.67,0.47,-1,-1,-1
176,249,104.92,233.00,90.42,64.67,0.48,-1,-1,-1
176,259,623.67,135.00,45.33,41.33,0.50,-1,-1,-1
176,260,259.83,223.83,73.33,61.33,0.49,-1,-1,-1
176,261,802.67,293.00,270.67,109.33,0.49,-1,-1,-1
176,264,792.00,189.50,128.00,135.00,0.45,-1,-1,-1
177,249,105.33,233.00,90.00,64.67,0.48,-1,-1,-1
177,259,612.33,128.58,40.00,37.67,0.49,-1,-1,-1
177,260,256.00,225.50,75.33,64.67,0.49,-1,-1,-1
177,261,516.00,302.67,279.33,109.33,0.49,-1,-1,-1
177,264,814.67,172.17,94.67,116.33,0.49,-1,-1,-1
178,249,104.83,233.33,90.67,64.67,0.48,-1,-1,-1
178,259,601.33,123.58,36.67,34.33,0.50,-1,-1,-1
178,260,255.33,226.33,75.67,65.33,0.49,-1,-1,-1
178,261,118.17,317.83,280.50,108.83,0.49,-1,-1,-1
178,264,788.67,160.00,90.67,96.33,0.50,-1,-1,-1
179,249,104.17,233.33,92.00,65.33,0.48,-1,-1,-1
179,259,591.33,119.33,33.33,31.33,0.45,-1,-1,-1
179,260,255.67,226.50,74.67,65.33,0.49,-1,-1,-1
179,264,762.00,146.83,78.67,82.33,0.49,-1,-1,-1
179,265,25.83,332.67,356.17,170.00,0.50,-1,-1,-1
180,249,104.50,233.17,91.67,65.33,0.48,-1,-1,-1
180,259,584.00,115.75,29.33,28.50,0.46,-1,-1,-1
180,260,255.50,226.50,75.00,65.33,0.49,-1,-1,-1
180,264,736.00,136.67,66.67,71.67,0.51,-1,-1,-1
180,266,377.33,285.33,257.33,140.00,0.48,-1,-1,-1
181,249,104.25,233.17,91.42,65.33,0.48,-1,-1,-1
181,259,576.67,110.83,26.67,27.00,0.44,-1,-1,-1
181,260,255.67,226.33,75.00,65.33,0.49,-1,-1,-1
181,264,714.00,128.83,58.67,62.67,0.50,-1,-1,-1
181,267,570.67,247.67,159.33,115.00,0.48,-1,-1,-1
182,249,104.33,233.00,91.00,65.00,0.48,-1,-1,-1
182,259,570.67,107.92,24.67,24.50,0.37,-1,-1,-1
182,260,255.17,226.00,75.33,65.33,0.49,-1,-1,-1
182,264,692.67,122.00,52.00,57.00,0.50,-1,-1,-1
182,267,642.67,224.50,94.67,94.67,0.49,-1,-1,-1
183,249,105.08,232.67,90.92,65.33,0.48,-1,-1,-1
183,259,567.00,104.83,22.00,23.33,0.25,-1,-1,-1
183,260,255.50,226.00,75.33,65.33,0.49,-1,-1,-1
183,264,677.33,116.75,45.33,51.92,0.49,-1,-1,-1
183,267,629.33,201.33,88.00,80.00,0.49,-1,-1,-1
184,260,156.50,290.67,115.00,95.33,0.42,-1,-1,-1
184,264,580.33,92.58,22.00,22.50,0.15,-1,-1,-1
184,267,575.67,114.25,29.33,27.50,0.46,-1,-1,-1
185,260,68.67,341.00,153.67,126.67,0.46,-1,-1,-1
185,267,569.33,110.58,26.00,25.50,0.46,-1,-1,-1
186,267,561.67,104.50,22.00,23.33,0.35,-1,-1,-1
186,268,1011.33,376.67,268.67,177.33,0.47,-1,-1,-1
187,267,557.67,102.75,20.00,21.00,0.32,-1,-1,-1
187,269,867.33,288.00,170.67,118.00,0.48,-1,-1,-1
188,267,554.33,100.92,18.67,19.83,0.29,-1,-1,-1
188,270,777.33,235.00,117.33,86.33,0.49,-1,-1,-1
189,271,714.00,201.17,90.67,66.00,0.49,-1,-1,-1
190,272,673.33,176.67,69.33,53.33,0.49,-1,-1,-1
191,273,642.67,158.33,56.67,44.67,0.49,-1,-1,-1
192,274,601.67,331.33,162.33,98.67,0.41,-1,-1,-1
193,275,159.08,303.33,67.58,70.33,0.46,-1,-1,-1
194,276,663.00,373.33,247.67,134.00,0.48,-1,-1,-1
195,277,449.00,306.67,68.00,45.33,0.47,-1,-1,-1
196,278,186.17,303.00,55.67,47.67,0.45,-1,-1,-1
196,279,397.33,291.33,36.00,27.33,0.41,-1,-1,-1
197,280,118.67,319.67,88.00,76.00,0.48,-1,-1,-1
198,281,530.33,331.00,126.67,74.00,0.51,-1,-1,-1
199,281,571.00,338.67,146.33,82.00,0.50,-1,-1,-1
199,282,413.00,288.33,36.00,28.00,0.41,-1,-1,-1
200,283,460.33,309.17,69.33,44.17,0.49,-1,-1,-1
201,284,30.75,324.67,133.00,125.33,0.47,-1,-1,-1
202,285,824.00,346.33,157.33,71.33,0.50,-1,-1,-1
203,286,670.67,319.33,102.67,51.33,0.47,-1,-1,-1
204,287,570.00,329.83,122.00,70.50,0.49,-1,-1,-1
205,288,161.92,306.00,63.08,55.33,0.49,-1,-1,-1
206,289,101.42,320.00,93.58,86.67,0.49,-1,-1,-1
207,290,0.00,350.67,143.50,158.67,0.48,-1,-1,-1
208,291,195.50,304.83,49.33,39.17,0.43,-1,-1,-1
209,291,171.67,311.50,61.33,50.50,0.47,-1,-1,-1
209,292,700.67,341.33,182.67,102.67,0.49,-1,-1,-1
210,291,140.17,321.50,78.00,65.83,0.49,-1,-1,-1
210,293,546.00,308.67,91.33,57.67,0.49,-1,-1,-1
211,291,100.08,335.67,100.25,86.00,0.48,-1,-1,-1
211,294,476.00,295.00,58.00,40.67,0.49,-1,-1,-1
212,291,48.33,353.67,130.17,110.67,0.52,-1,-1,-1
212,295,438.67,287.83,42.00,32.33,0.46,-1,-1,-1
213,291,0.04,375.67,151.79,153.33,0.48,-1,-1,-1
213,296,415.67,283.17,34.00,27.33,0.43,-1,-1,-1
214,297,166.00,306.50,51.67,38.83,0.45,-1,-1,-1
215,298,100.17,319.33,73.50,52.00,0.49,-1,-1,-1
216,299,11.88,339.33,101.79,74.00,0.49,-1,-1,-1
217,300,789.33,405.33,376.00,210.00,0.48,-1,-1,-1
218,301,514.00,323.00,124.67,80.00,0.47,-1,-1,-1
219,302,629.00,338.00,232.33,164.00,0.48,-1,-1,-1
220,303,486.33,306.00,102.00,86.67,0.49,-1,-1,-1
220,304,128.58,298.67,51.75,36.33,0.45,-1,-1,-1
221,305,812.67,345.33,186.67,193.33,0.48,-1,-1,-1
222,306,796.67,225.17,121.33,117.50,0.50,-1,-1,-1
222,307,1031.33,229.33,221.33,207.67,0.49,-1,-1,-1
223,308,792.00,157.50,84.00,77.33,0.49,-1,-1,-1
223,309,975.33,170.67,150.67,150.67,0.48,-1,-1,-1
223,310,828.67,399.33,222.67,249.33,0.44,-1,-1,-1
224,311,936.00,129.67,108.00,115.00,0.50,-1,-1,-1
224,312,793.33,116.00,62.67,57.50,0.49,-1,-1,-1
224,313,813.33,242.00,130.67,123.33,0.48,-1,-1,-1
225,314,907.33,100.50,81.33,89.33,0.49,-1,-1,-1
225,315,805.33,156.83,86.67,78.67,0.49,-1,-1,-1
225,316,792.00,86.17,49.33,44.00,0.49,-1,-1,-1
226,317,891.33,81.75,64.00,72.67,0.50,-1,-1,-1
226,318,802.67,116.00,65.33,58.00,0.49,-1,-1,-1
226,319,791.33,69.04,40.00,35.79,0.47,-1,-1,-1
226,320,669.33,26.42,30.67,35.67,0.40,-1,-1,-1
227,321,800.00,86.75,52.00,44.67,0.49,-1,-1,-1
227,322,876.00,67.42,52.00,59.17,0.49,-1,-1,-1
227,323,646.33,31.52,39.00,42.98,0.47,-1,-1,-1
227,324,970.00,330.83,232.00,230.50,0.46,-1,-1,-1
227,325,790.67,55.83,33.33,29.25,0.45,-1,-1,-1
228,322,865.33,56.79,44.00,50.04,0.47,-1,-1,-1
228,325,791.33,46.58,30.67,24.75,0.36,-1,-1,-1
228,326,616.67,37.75,48.67,54.00,0.50,-1,-1,-1
228,327,841.33,138.50,82.67,94.67,0.49,-1,-1,-1
228,328,798.00,67.92,40.00,35.83,0.48,-1,-1,-1
229,322,856.67,49.38,37.33,43.12,0.43,-1,-1,-1
229,325,790.00,39.29,26.67,20.75,0.21,-1,-1,-1
229,329,574.67,49.00,63.33,68.50,0.49,-1,-1,-1
229,330,619.67,105.83,68.33,61.33,0.49,-1,-1,-1
229,331,808.00,86.17,48.00,57.33,0.44,-1,-1,-1
229,332,796.00,54.83,34.67,28.50,0.42,-1,-1,-1
230,322,848.67,38.54,33.33,41.25,0.44,-1,-1,-1
230,333,504.00,65.83,88.67,97.50,0.50,-1,-1,-1
230,334,432.67,219.00,154.00,148.33,0.46,-1,-1,-1
231,322,843.33,35.17,28.00,34.50,0.45,-1,-1,-1
231,335,353.67,106.50,150.67,149.00,0.48,-1,-1,-1
231,336,651.33,86.50,44.00,41.67,0.48,-1,-1,-1
232,322,836.67,29.42,26.67,32.08,0.39,-1,-1,-1
232,337,565.33,144.42,84.00,75.42,0.50,-1,-1,-1
232,338,591.67,79.29,50.67,39.62,0.47,-1,-1,-1
232,339,5.33,209.00,264.83,288.67,0.44,-1,-1,-1
233,322,832.67,25.44,22.67,28.81,0.36,-1,-1,-1
233,340,471.00,138.33,90.00,69.00,0.49,-1,-1,-1
233,341,199.67,371.33,262.00,268.67,0.47,-1,-1,-1
234,322,826.67,21.67,22.67,26.04,0.23,-1,-1,-1
234,342,612.00,98.75,68.00,60.50,0.50,-1,-1,-1
234,343,0.92,366.00,284.75,260.67,0.48,-1,-1,-1
235,322,824.00,20.00,20.00,23.33,0.29,-1,-1,-1
235,344,448.00,194.33,147.33,117.67,0.48,-1,-1,-1
236,345,488.00,109.33,82.67,66.17,0.50,-1,-1,-1
236,346,516.33,173.33,108.67,89.00,0.49,-1,-1,-1
236,347,618.67,105.67,65.33,50.33,0.49,-1,-1,-1
237,346,488.00,187.50,124.67,99.67,0.52,-1,-1,-1
237,348,266.33,193.50,162.00,127.00,0.47,-1,-1,-1
237,349,0.00,522.67,338.17,197.33,0.45,-1,-1,-1
238,350,828.00,223.67,137.33,151.00,0.42,-1,-1,-1
239,351,808.67,111.67,66.67,73.33,0.50,-1,-1,-1
240,352,802.67,71.38,42.67,46.96,0.49,-1,-1,-1
240,353,1041.33,369.33,237.33,201.33,0.48,-1,-1,-1
241,354,908.67,158.17,92.00,78.00,0.49,-1,-1,-1
241,355,800.67,51.58,32.00,34.58,0.46,-1,-1,-1
242,356,866.00,95.33,54.67,48.00,0.50,-1,-1,-1
242,357,800.00,39.21,25.33,27.33,0.48,-1,-1,-1
243,358,589.33,122.00,76.00,69.33,0.50,-1,-1,-1
243,359,618.33,57.62,45.33,42.71,0.47,-1,-1,-1
243,360,828.67,39.27,22.67,20.98,0.43,-1,-1,-1
244,361,548.00,82.58,67.33,62.33,0.51,-1,-1,-1
244,362,353.33,259.00,186.67,176.00,0.49,-1,-1,-1
245,363,421.67,129.58,110.67,98.75,0.51,-1,-1,-1
246,364,1.00,268.00,293.33,266.67,0.42,-1,-1,-1
247,365,512.00,151.58,107.33,88.08,0.49,-1,-1,-1
248,366,0.00,515.33,201.00,204.67,0.47,-1,-1,-1
248,367,1054.00,347.33,225.33,250.67,0.46,-1,-1,-1
249,368,944.00,191.83,128.00,116.33,0.52,-1,-1,-1
250,369,892.00,128.00,82.67,76.50,0.51,-1,-1,-1
251,370,868.00,93.33,58.67,55.00,0.50,-1,-1,-1
252,371,856.00,73.83,46.67,44.83,0.50,-1,-1,-1
252,372,822.00,332.00,196.00,227.33,0.41,-1,-1,-1
253,373,802.67,142.67,82.67,86.00,0.50,-1,-1,-1
253,374,848.67,60.83,37.33,36.58,0.47,-1,-1,-1
253,375,640.33,46.29,32.67,34.92,0.47,-1,-1,-1
254,376,549.00,79.46,58.67,61.38,0.51,-1,-1,-1
254,377,792.00,58.50,34.67,34.67,0.49,-1,-1,-1
254,378,834.67,42.50,28.00,26.92,0.45,-1,-1,-1
255,378,830.67,37.21,24.00,23.83,0.45,-1,-1,-1
255,379,458.00,114.00,85.33,85.50,0.49,-1,-1,-1
255,380,790.67,43.62,29.33,29.00,0.46,-1,-1,-1
256,378,826.67,33.02,21.33,20.90,0.39,-1,-1,-1
256,380,790.00,35.46,24.00,22.83,0.42,-1,-1,-1
256,381,243.33,190.67,157.33,147.33,0.48,-1,-1,-1
257,382,578.67,118.75,74.67,59.75,0.50,-1,-1,-1
258,383,538.33,143.08,93.33,74.08,0.49,-1,-1,-1
259,384,497.67,165.83,110.00,86.33,0.49,-1,-1,-1
260,385,423.67,205.33,143.33,112.00,0.52,-1,-1,-1
261,385,403.00,215.33,154.67,119.33,0.49,-1,-1,-1
262,385,392.00,221.67,158.67,124.00,0.48,-1,-1,-1
263,385,384.67,225.33,162.67,126.00,0.48,-1,-1,-1
264,385,380.67,226.83,165.33,129.17,0.48,-1,-1,-1
265,385,375.67,229.67,168.67,130.00,0.49,-1,-1,-1
266,385,330.00,255.83,188.67,146.50,0.48,-1,-1,-1
266,386,627.00,46.75,36.67,40.50,0.44,-1,-1,-1
267,385,250.50,295.00,225.50,180.67,0.47,-1,-1,-1
267,387,602.00,54.08,45.33,48.92,0.47,-1,-1,-1
268,385,76.58,390.00,314.42,278.00,0.39,-1,-1,-1
268,388,569.67,64.21,53.33,60.12,0.48,-1,-1,-1
269,389,524.33,81.71,66.67,71.96,0.50,-1,-1,-1
269,390,0.00,618.00,201.67,102.00,0.45,-1,-1,-1
269,391,756.00,302.17,169.33,227.17,0.44,-1,-1,-1
270,392,452.67,102.17,87.33,98.50,0.50,-1,-1,-1
270,393,643.67,92.33,51.00,47.83,0.48,-1,-1,-1
271,394,593.33,126.25,72.00,65.08,0.49,-1,-1,-1
271,395,316.83,151.83,132.50,138.00,0.48,-1,-1,-1
271,396,786.00,141.00,69.33,89.33,0.47,-1,-1,-1
272,397,492.33,190.67,113.33,101.67,0.51,-1,-1,-1
272,398,790.67,101.50,53.33,69.00,0.48,-1,-1,-1
272,399,0.00,247.67,246.33,264.67,0.44,-1,-1,-1
273,400,792.67,76.58,41.33,55.67,0.46,-1,-1,-1
273,401,195.50,364.00,257.17,248.00,0.45,-1,-1,-1
274,402,523.33,105.50,66.67,48.17,0.48,-1,-1,-1
274,403,630.33,52.21,38.00,30.08,0.41,-1,-1,-1
275,404,388.00,161.58,108.67,74.25,0.49,-1,-1,-1
275,405,594.33,65.08,48.67,38.50,0.46,-1,-1,-1
276,406,28.25,306.67,243.75,167.33,0.48,-1,-1,-1
276,407,537.67,86.67,65.33,50.83,0.47,-1,-1,-1
277,408,437.33,123.25,94.67,72.25,0.49,-1,-1,-1
278,409,228.50,198.67,164.83,125.00,0.48,-1,-1,-1
279,410,821.33,274.17,150.67,197.17,0.45,-1,-1,-1
280,411,806.00,148.00,78.67,93.67,0.50,-1,-1,-1
281,412,819.33,245.83,110.67,112.50,0.50,-1,-1,-1
281,413,615.00,93.42,60.67,56.33,0.48,-1,-1,-1
282,414,490.00,168.83,110.67,102.00,0.50,-1,-1,-1
282,415,807.33,132.58,60.00,55.58,0.48,-1,-1,-1
