1,1,494.33,30.50,116.00,94.00,0.50,-1,-1,-1
1,2,614.33,86.00,56.00,50.67,0.44,-1,-1,-1
2,1,495.33,29.46,115.33,94.71,0.50,-1,-1,-1
2,2,613.33,87.00,57.33,51.67,0.45,-1,-1,-1
3,1,496.33,30.50,115.33,94.50,0.49,-1,-1,-1
3,2,606.67,97.08,61.33,52.17,0.46,-1,-1,-1
4,1,495.67,31.12,117.33,95.21,0.48,-1,-1,-1
4,2,591.00,110.83,69.33,58.17,0.48,-1,-1,-1
5,1,483.33,32.42,124.67,98.50,0.49,-1,-1,-1
5,2,560.67,127.17,83.33,71.00,0.50,-1,-1,-1
6,1,465.33,32.04,127.33,108.79,0.52,-1,-1,-1
6,2,518.33,157.17,102.67,89.33,0.49,-1,-1,-1
7,1,435.33,43.54,145.33,113.62,0.51,-1,-1,-1
7,2,436.33,213.33,140.67,119.33,0.50,-1,-1,-1
7,3,628.00,74.00,56.67,53.83,0.44,-1,-1,-1
8,1,392.00,49.62,168.67,133.04,0.48,-1,-1,-1
8,2,246.33,331.67,242.67,216.00,0.48,-1,-1,-1
8,3,618.67,83.67,62.67,59.67,0.42,-1,-1,-1
9,1,312.33,60.96,212.67,161.21,0.48,-1,-1,-1
9,3,604.00,101.17,68.67,66.00,0.48,-1,-1,-1
9,4,526.33,65.83,58.00,47.00,0.48,-1,-1,-1
10,1,175.83,77.58,308.17,215.08,0.49,-1,-1,-1
10,3,578.33,123.83,83.33,82.67,0.49,-1,-1,-1
10,4,502.00,75.25,64.67,54.33,0.46,-1,-1,-1
11,1,0.00,92.75,436.67,307.92,0.14,-1,-1,-1
11,3,538.33,156.33,107.33,104.67,0.51,-1,-1,-1
11,4,463.33,88.50,76.67,65.00,0.50,-1,-1,-1
11,5,591.33,101.92,58.00,50.50,0.46,-1,-1,-1
11,6,539.00,68.50,58.00,46.00,0.45,-1,-1,-1
12,3,461.67,209.00,149.33,156.00,0.48,-1,-1,-1
12,4,400.67,110.33,96.67,81.17,0.50,-1,-1,-1
12,7,555.33,128.08,76.00,61.25,0.49,-1,-1,-1
12,8,508.33,83.00,65.33,52.67,0.44,-1,-1,-1
12,9,637.67,68.58,50.33,44.50,0.41,-1,-1,-1
13,3,461.67,209.00,149.33,156.00,0.48,-1,-1,-1
13,4,400.67,110.33,96.67,81.17,0.50,-1,-1,-1
13,7,555.67,128.00,76.00,61.33,0.49,-1,-1,-1
13,8,507.67,82.33,66.00,53.33,0.44,-1,-1,-1
13,9,637.67,68.79,50.33,44.21,0.40,-1,-1,-1
14,7,399.00,224.67,140.67,118.33,0.48,-1,-1,-1
14,8,378.67,140.75,106.67,77.58,0.48,-1,-1,-1
14,9,604.00,94.83,64.00,52.17,0.36,-1,-1,-1
14,10,121.17,207.33,195.67,155.33,0.49,-1,-1,-1
14,11,498.33,76.42,65.33,57.33,0.42,-1,-1,-1
15,8,239.33,200.00,159.33,108.67,0.38,-1,-1,-1
15,9,589.33,111.42,66.67,53.83,0.43,-1,-1,-1
15,12,445.00,102.50,79.33,60.50,0.48,-1,-1,-1
15,13,523.00,63.67,52.67,46.00,0.46,-1,-1,-1
15,14,183.67,356.67,240.00,216.00,0.45,-1,-1,-1
16,9,581.67,122.58,68.67,59.75,0.48,-1,-1,-1
16,15,0.00,304.33,238.33,195.33,0.48,-1,-1,-1
16,16,351.00,135.33,109.33,77.67,0.48,-1,-1,-1
16,17,476.67,82.08,67.33,52.33,0.47,-1,-1,-1
16,18,581.67,77.58,59.33,53.50,0.44,-1,-1,-1
17,9,581.00,122.58,69.33,59.75,0.48,-1,-1,-1
17,15,0.00,304.33,238.00,194.00,0.48,-1,-1,-1
17,16,351.00,135.33,109.33,77.67,0.48,-1,-1,-1
17,17,477.00,82.17,66.67,52.00,0.47,-1,-1,-1
17,18,581.67,77.67,59.33,53.50,0.44,-1,-1,-1
18,9,593.33,138.00,90.00,71.33,0.48,-1,-1,-1
18,18,510.00,102.67,81.33,77.50,0.46,-1,-1,-1
18,19,290.50,140.17,123.17,85.67,0.48,-1,-1,-1
18,20,1151.33,565.00,128.00,155.00,0.43,-1,-1,-1
18,21,2.38,305.00,145.46,203.33,0.41,-1,-1,-1
19,9,593.00,138.00,90.33,71.33,0.48,-1,-1,-1
19,18,510.00,102.25,81.33,77.75,0.46,-1,-1,-1
19,19,290.50,140.17,123.17,85.67,0.48,-1,-1,-1
19,20,1151.33,565.00,128.00,155.00,0.43,-1,-1,-1
19,21,2.33,305.00,145.42,203.33,0.41,-1,-1,-1
20,9,602.00,142.67,115.33,84.00,0.50,-1,-1,-1
20,18,343.33,183.33,140.67,144.33,0.47,-1,-1,-1
20,22,927.33,184.00,100.00,87.00,0.49,-1,-1,-1
20,23,492.00,117.50,94.67,75.00,0.49,-1,-1,-1
20,24,318.83,140.17,100.50,85.33,0.48,-1,-1,-1
21,9,601.67,142.75,115.00,83.75,0.50,-1,-1,-1
21,18,343.67,183.33,140.00,144.33,0.47,-1,-1,-1
21,22,926.67,184.00,100.00,87.00,0.49,-1,-1,-1
21,23,491.67,117.33,94.67,75.00,0.49,-1,-1,-1
21,24,319.00,140.08,100.00,85.58,0.48,-1,-1,-1
22,9,637.33,163.33,152.00,84.67,0.47,-1,-1,-1
22,25,440.67,115.00,98.00,68.17,0.48,-1,-1,-1
22,26,290.00,234.00,182.67,175.67,0.47,-1,-1,-1
22,27,930.67,191.67,93.33,80.00,0.43,-1,-1,-1
23,9,637.33,163.17,152.00,84.67,0.46,-1,-1,-1
23,25,440.67,114.83,98.00,68.50,0.48,-1,-1,-1
23,26,290.00,234.00,182.67,176.00,0.47,-1,-1,-1
23,27,931.33,192.83,93.33,79.00,0.46,-1,-1,-1
24,25,0.00,297.67,215.67,190.00,0.48,-1,-1,-1
24,27,858.67,92.92,49.33,50.00,0.39,-1,-1,-1
24,28,816.00,204.33,222.67,94.67,0.48,-1,-1,-1
25,27,844.67,67.92,46.67,45.67,0.09,-1,-1,-1
25,29,1005.33,225.67,218.67,95.67,0.44,-1,-1,-1
26,30,1205.33,240.67,74.67,86.33,0.42,-1,-1,-1
27,30,1205.33,239.00,74.67,90.00,0.43,-1,-1,-1
35,31,966.67,253.00,162.67,141.00,0.42,-1,-1,-1
36,32,830.00,288.00,153.33,135.33,0.48,-1,-1,-1
36,33,894.00,140.33,97.33,93.33,0.48,-1,-1,-1
37,32,830.00,288.33,153.33,135.33,0.48,-1,-1,-1
37,33,894.00,140.17,97.33,93.33,0.48,-1,-1,-1
38,34,836.67,74.08,48.00,41.50,0.44,-1,-1,-1
39,34,837.33,73.58,48.00,42.17,0.42,-1,-1,-1
40,35,964.00,257.00,146.67,121.00,0.47,-1,-1,-1
40,36,1102.67,540.00,176.00,178.00,0.46,-1,-1,-1
41,35,964.67,257.00,146.67,121.00,0.47,-1,-1,-1
41,36,1102.67,540.00,176.00,178.00,0.46,-1,-1,-1
42,35,859.33,103.25,58.67,50.67,0.44,-1,-1,-1
42,37,915.33,298.33,180.00,142.67,0.48,-1,-1,-1
42,38,46.25,254.50,173.42,134.83,0.47,-1,-1,-1
42,39,832.67,136.08,80.00,59.25,0.45,-1,-1,-1
43,35,859.33,103.17,58.67,50.50,0.44,-1,-1,-1
43,37,915.33,298.50,180.00,143.17,0.48,-1,-1,-1
43,38,46.25,254.50,173.42,134.83,0.47,-1,-1,-1
43,39,832.67,136.17,78.67,59.17,0.45,-1,-1,-1
45,40,782.00,93.83,58.67,54.00,0.41,-1,-1,-1
45,35,859.33,103.17,58.67,50.50,0.38,-1,-1,-1
70,41,519.00,84.58,56.00,45.00,0.47,-1,-1,-1
71,41,513.00,87.58,57.33,45.17,0.47,-1,-1,-1
72,41,511.00,88.17,58.00,45.33,0.47,-1,-1,-1
73,41,511.00,88.08,58.00,45.50,0.47,-1,-1,-1
74,41,511.67,89.00,57.33,46.67,0.45,-1,-1,-1
75,41,509.67,89.00,58.00,45.50,0.48,-1,-1,-1
76,41,510.00,89.00,57.33,45.33,0.48,-1,-1,-1
77,41,510.33,89.00,57.33,45.33,0.48,-1,-1,-1
78,41,511.00,89.17,57.33,45.17,0.48,-1,-1,-1
79,41,511.00,89.17,57.33,45.17,0.48,-1,-1,-1
80,41,508.33,89.00,58.67,45.83,0.48,-1,-1,-1
81,41,508.33,89.00,58.67,45.83,0.48,-1,-1,-1
82,41,510.00,89.50,58.67,45.50,0.47,-1,-1,-1
83,41,510.00,89.50,58.67,45.50,0.47,-1,-1,-1
84,41,507.33,89.58,59.33,45.67,0.48,-1,-1,-1
85,41,507.33,89.58,59.33,45.67,0.48,-1,-1,-1
86,41,509.33,89.33,58.67,45.33,0.48,-1,-1,-1
86,42,571.00,36.17,50.00,57.17,0.47,-1,-1,-1
86,43,611.33,51.75,58.67,72.00,0.44,-1,-1,-1
87,41,509.33,89.25,58.67,45.50,0.48,-1,-1,-1
87,42,571.00,36.06,50.00,57.35,0.46,-1,-1,-1
87,43,611.67,52.38,58.67,71.46,0.44,-1,-1,-1
88,41,504.67,91.08,59.33,45.83,0.44,-1,-1,-1
88,42,550.33,42.83,60.67,63.75,0.45,-1,-1,-1
88,43,603.33,54.00,60.67,75.67,0.47,-1,-1,-1
89,41,504.67,91.08,59.33,45.83,0.44,-1,-1,-1
89,42,550.33,43.08,60.00,63.50,0.45,-1,-1,-1
89,43,603.33,54.25,60.67,75.33,0.47,-1,-1,-1
90,41,505.00,92.83,57.33,44.83,0.45,-1,-1,-1
90,42,542.33,44.50,64.67,65.50,0.34,-1,-1,-1
90,43,601.00,65.12,62.00,69.21,0.46,-1,-1,-1
90,44,541.00,58.50,58.67,53.67,0.44,-1,-1,-1
91,41,504.00,93.17,59.33,45.17,0.45,-1,-1,-1
91,42,542.00,44.21,65.33,65.79,0.34,-1,-1,-1
91,43,599.67,50.33,66.00,85.00,0.43,-1,-1,-1
91,44,540.67,59.71,58.67,52.62,0.45,-1,-1,-1
92,41,501.67,93.67,59.33,45.17,0.46,-1,-1,-1
92,42,538.00,45.75,66.67,67.00,0.48,-1,-1,-1
92,43,596.67,66.96,64.00,67.88,0.46,-1,-1,-1
93,41,501.67,93.67,59.33,45.17,0.46,-1,-1,-1
93,42,538.00,45.75,67.33,66.75,0.48,-1,-1,-1
93,43,597.00,67.17,64.00,67.83,0.46,-1,-1,-1
94,41,487.00,99.00,62.67,48.17,0.46,-1,-1,-1
94,42,538.33,45.83,62.67,68.75,0.49,-1,-1,-1
94,43,588.67,65.25,70.00,78.17,0.47,-1,-1,-1
95,41,461.00,112.00,66.67,52.83,0.48,-1,-1,-1
95,42,530.67,54.75,57.33,65.83,0.44,-1,-1,-1
95,43,576.67,71.75,75.33,84.33,0.48,-1,-1,-1
96,41,411.00,131.33,84.00,66.17,0.49,-1,-1,-1
96,43,552.67,82.50,84.67,100.67,0.48,-1,-1,-1
96,44,540.67,59.71,58.67,52.62,0.39,-1,-1,-1
97,41,410.67,131.33,84.00,66.17,0.49,-1,-1,-1
97,43,552.33,82.54,84.67,100.62,0.48,-1,-1,-1
97,44,518.00,77.58,45.33,49.83,0.39,-1,-1,-1
98,41,130.67,247.00,175.33,138.00,0.48,-1,-1,-1
98,43,422.33,134.83,161.33,166.33,0.40,-1,-1,-1
98,44,457.33,85.58,84.67,73.00,0.12,-1,-1,-1
98,42,530.67,54.75,57.33,65.83,0.35,-1,-1,-1
99,41,130.67,247.00,175.33,138.00,0.48,-1,-1,-1
99,43,422.67,132.50,161.33,168.33,0.39,-1,-1,-1
99,44,457.67,84.83,84.00,73.50,0.10,-1,-1,-1
99,42,461.33,71.50,90.00,83.17,0.33,-1,-1,-1
100,42,330.33,106.00,136.00,134.00,0.48,-1,-1,-1
100,45,518.00,80.75,56.00,46.33,0.46,-1,-1,-1
100,46,584.67,112.75,66.00,54.50,0.45,-1,-1,-1
101,42,192.33,147.08,193.33,181.92,0.48,-1,-1,-1
101,47,482.33,100.17,66.67,53.00,0.47,-1,-1,-1
101,48,552.67,134.00,82.00,70.33,0.47,-1,-1,-1
102,49,498.00,171.83,109.33,93.33,0.50,-1,-1,-1
102,50,412.67,129.17,90.67,68.83,0.49,-1,-1,-1
102,51,612.00,81.58,58.67,52.83,0.45,-1,-1,-1
103,49,498.33,172.00,108.67,93.00,0.50,-1,-1,-1
103,50,413.00,129.17,90.67,68.83,0.49,-1,-1,-1
103,51,612.00,81.58,58.67,52.83,0.45,-1,-1,-1
104,50,0.00,302.33,223.17,180.00,0.49,-1,-1,-1
104,51,544.67,130.67,88.00,76.67,0.45,-1,-1,-1
104,52,1049.33,461.33,230.67,242.67,0.49,-1,-1,-1
104,53,555.00,73.83,52.00,42.00,0.46,-1,-1,-1
105,51,477.00,171.67,116.00,106.33,0.50,-1,-1,-1
105,54,922.00,223.17,118.67,97.67,0.48,-1,-1,-1
105,55,518.33,92.92,62.67,51.00,0.47,-1,-1,-1
106,51,333.33,260.67,187.33,173.33,0.48,-1,-1,-1
106,56,464.00,117.33,82.00,70.00,0.49,-1,-1,-1
106,57,869.33,136.00,73.33,59.17,0.47,-1,-1,-1
107,51,333.33,260.67,187.33,173.33,0.48,-1,-1,-1
107,56,464.33,117.50,81.33,69.67,0.49,-1,-1,-1
107,57,870.67,136.17,72.00,59.00,0.47,-1,-1,-1
108,56,165.17,249.33,184.17,154.00,0.48,-1,-1,-1
109,56,165.17,249.33,184.17,154.00,0.48,-1,-1,-1
116,58,856.67,72.42,140.00,139.92,0.49,-1,-1,-1
117,58,856.67,72.25,140.00,140.08,0.49,-1,-1,-1
118,58,856.67,72.25,140.00,140.08,0.49,-1,-1,-1
119,58,856.67,72.25,140.00,140.08,0.49,-1,-1,-1
120,58,856.00,72.17,140.00,140.67,0.49,-1,-1,-1
121,58,858.67,71.83,138.67,139.67,0.49,-1,-1,-1
122,59,846.00,69.54,90.67,99.29,0.48,-1,-1,-1
123,59,846.00,69.83,90.67,99.17,0.48,-1,-1,-1
124,59,814.67,41.08,54.67,55.67,0.41,-1,-1,-1
124,60,1008.00,288.83,169.33,132.83,0.47,-1,-1,-1
125,59,804.67,34.50,48.00,41.83,0.36,-1,-1,-1
125,61,904.00,145.83,84.00,72.67,0.49,-1,-1,-1
126,62,857.33,91.58,56.00,49.17,0.40,-1,-1,-1
127,62,858.00,91.50,56.00,49.17,0.41,-1,-1,-1
128,62,808.00,40.58,41.33,33.75,0.37,-1,-1,-1
128,63,959.33,204.67,218.67,208.00,0.46,-1,-1,-1
129,62,807.33,40.50,42.67,34.00,0.36,-1,-1,-1
129,63,958.67,204.67,218.67,207.33,0.46,-1,-1,-1
130,62,807.33,40.46,42.67,34.00,0.37,-1,-1,-1
130,63,959.33,205.00,218.67,206.00,0.47,-1,-1,-1
131,62,807.33,40.50,42.67,33.92,0.37,-1,-1,-1
131,63,959.33,205.00,218.67,206.33,0.47,-1,-1,-1
132,62,807.33,40.50,42.67,33.92,0.37,-1,-1,-1
132,63,958.67,204.67,218.67,206.67,0.47,-1,-1,-1
133,62,808.00,40.46,41.33,34.00,0.37,-1,-1,-1
133,63,958.67,204.67,218.67,206.33,0.47,-1,-1,-1
134,64,248.67,337.00,251.33,179.33,0.49,-1,-1,-1
134,65,990.67,286.83,162.67,130.50,0.48,-1,-1,-1
134,66,874.00,111.00,58.67,49.33,0.45,-1,-1,-1
135,67,905.33,163.33,90.67,79.33,0.49,-1,-1,-1
135,68,101.83,236.67,175.67,116.33,0.45,-1,-1,-1
136,69,0.00,167.83,113.33,82.00,0.49,-1,-1,-1
136,70,864.67,112.00,61.33,52.00,0.45,-1,-1,-1
137,69,0.00,167.92,113.50,81.92,0.49,-1,-1,-1
137,70,864.67,111.75,61.33,52.33,0.45,-1,-1,-1
138,70,823.33,60.58,41.33,34.67,0.36,-1,-1,-1
138,71,17.54,206.17,142.46,108.67,0.52,-1,-1,-1
138,72,381.33,440.00,280.00,274.00,0.43,-1,-1,-1
139,70,823.33,60.50,41.33,34.67,0.36,-1,-1,-1
139,71,17.54,206.17,142.62,108.67,0.52,-1,-1,-1
139,72,381.33,440.00,280.00,274.00,0.43,-1,-1,-1
140,70,823.33,60.50,41.33,34.67,0.36,-1,-1,-1
140,71,17.54,206.17,142.62,108.67,0.52,-1,-1,-1
140,72,381.67,440.00,279.33,274.00,0.43,-1,-1,-1
141,70,823.33,60.50,41.33,34.67,0.37,-1,-1,-1
141,71,17.54,206.17,142.62,108.67,0.52,-1,-1,-1
141,72,381.67,440.00,279.33,274.00,0.43,-1,-1,-1
142,70,823.33,60.46,41.33,34.71,0.36,-1,-1,-1
142,71,17.54,206.17,142.62,108.67,0.52,-1,-1,-1
142,72,381.67,440.00,279.33,274.00,0.43,-1,-1,-1
143,70,823.33,60.46,41.33,34.71,0.36,-1,-1,-1
143,71,17.54,206.17,142.62,108.67,0.52,-1,-1,-1
143,72,381.67,440.00,279.33,273.33,0.43,-1,-1,-1
144,70,862.67,117.83,60.00,49.17,0.47,-1,-1,-1
144,73,520.67,78.75,58.00,45.33,0.46,-1,-1,-1
144,74,625.67,78.25,50.67,44.00,0.42,-1,-1,-1
145,70,840.67,82.67,46.67,40.50,0.37,-1,-1,-1
145,73,518.00,79.83,58.67,45.17,0.46,-1,-1,-1
145,74,621.33,82.75,50.67,45.00,0.45,-1,-1,-1
146,70,826.00,61.54,40.00,33.88,0.38,-1,-1,-1
146,73,518.00,80.08,58.67,45.50,0.46,-1,-1,-1
146,74,618.33,84.50,52.00,46.00,0.46,-1,-1,-1
147,70,824.67,61.46,41.33,34.04,0.38,-1,-1,-1
147,73,518.00,80.08,58.67,45.50,0.46,-1,-1,-1
147,74,618.33,84.50,52.00,46.17,0.46,-1,-1,-1
148,73,518.33,80.00,58.67,45.67,0.46,-1,-1,-1
148,74,618.67,84.92,52.00,45.67,0.46,-1,-1,-1
149,73,518.33,80.00,58.67,45.67,0.46,-1,-1,-1
149,74,618.67,85.08,52.00,45.50,0.46,-1,-1,-1
150,73,518.67,79.92,58.00,45.67,0.46,-1,-1,-1
150,74,618.67,85.00,52.00,45.67,0.46,-1,-1,-1
151,73,518.67,80.42,58.67,45.50,0.47,-1,-1,-1
151,74,618.33,84.42,52.00,46.83,0.45,-1,-1,-1
152,73,518.67,79.62,58.67,46.54,0.46,-1,-1,-1
152,74,618.33,84.25,52.00,47.17,0.45,-1,-1,-1
153,73,518.67,79.42,58.67,46.83,0.46,-1,-1,-1
153,74,618.33,84.50,52.00,47.17,0.45,-1,-1,-1
154,73,518.00,79.83,59.33,46.00,0.44,-1,-1,-1
154,74,617.67,84.42,52.67,47.00,0.44,-1,-1,-1
155,73,518.33,79.83,58.67,46.00,0.44,-1,-1,-1
155,74,617.67,84.33,52.67,47.17,0.44,-1,-1,-1
156,73,518.67,80.08,58.67,45.33,0.45,-1,-1,-1
156,74,617.67,84.83,52.67,46.50,0.44,-1,-1,-1
157,73,518.67,80.00,58.67,45.50,0.45,-1,-1,-1
157,74,617.67,85.00,52.67,46.17,0.43,-1,-1,-1
158,73,518.67,80.08,58.67,45.50,0.45,-1,-1,-1
158,74,617.67,85.00,52.67,46.17,0.43,-1,-1,-1
159,73,518.67,80.08,58.67,45.50,0.45,-1,-1,-1
159,74,617.67,85.00,52.67,46.17,0.43,-1,-1,-1
160,73,518.67,80.08,58.67,45.50,0.45,-1,-1,-1
160,74,617.67,85.00,52.67,46.17,0.43,-1,-1,-1
161,73,518.67,80.08,58.67,45.50,0.45,-1,-1,-1
161,74,617.67,85.00,52.67,46.17,0.43,-1,-1,-1
162,73,518.67,80.96,54.67,44.38,0.42,-1,-1,-1
162,74,617.67,85.67,52.67,45.33,0.43,-1,-1,-1
162,75,553.00,65.50,45.33,40.83,0.41,-1,-1,-1
163,73,518.67,80.96,54.67,44.38,0.42,-1,-1,-1
163,74,617.67,85.58,52.67,45.50,0.43,-1,-1,-1
163,75,553.00,65.58,45.33,40.83,0.41,-1,-1,-1
164,73,518.67,80.88,55.33,44.62,0.43,-1,-1,-1
164,74,617.33,85.75,52.00,45.50,0.44,-1,-1,-1
164,75,553.67,66.00,44.67,40.50,0.41,-1,-1,-1
165,73,519.00,81.00,54.67,44.50,0.43,-1,-1,-1
165,74,617.67,85.67,51.33,45.67,0.44,-1,-1,-1
165,75,553.67,66.17,44.67,40.33,0.41,-1,-1,-1
166,73,519.00,80.83,54.67,44.00,0.43,-1,-1,-1
166,74,618.00,85.75,51.33,45.17,0.42,-1,-1,-1
166,75,553.67,66.21,44.67,39.96,0.41,-1,-1,-1
167,73,519.00,80.83,54.67,44.00,0.43,-1,-1,-1
167,74,618.00,85.75,51.33,45.17,0.42,-1,-1,-1
167,75,553.67,66.21,44.67,39.96,0.41,-1,-1,-1
168,73,519.33,80.29,54.67,44.21,0.43,-1,-1,-1
168,74,618.00,85.75,51.33,45.00,0.42,-1,-1,-1
168,75,554.00,65.50,44.67,40.50,0.42,-1,-1,-1
169,73,519.33,80.33,54.67,44.17,0.43,-1,-1,-1
169,74,618.00,85.75,51.33,45.00,0.42,-1,-1,-1
169,75,554.00,65.50,44.67,40.50,0.42,-1,-1,-1
170,73,519.00,80.88,54.00,43.79,0.43,-1,-1,-1
170,74,618.00,85.83,50.67,45.17,0.44,-1,-1,-1
170,75,553.67,66.08,44.67,40.33,0.43,-1,-1,-1
171,73,519.00,80.42,55.33,44.67,0.43,-1,-1,-1
171,74,618.00,86.00,50.67,44.83,0.44,-1,-1,-1
171,75,553.67,66.04,44.67,40.21,0.43,-1,-1,-1
172,73,519.00,80.00,55.33,45.67,0.43,-1,-1,-1
172,74,618.00,86.33,50.67,44.83,0.44,-1,-1,-1
172,75,553.67,65.62,44.67,40.71,0.46,-1,-1,-1
172,76,804.00,173.00,186.67,74.33,0.43,-1,-1,-1
173,73,519.00,80.00,55.33,45.67,0.43,-1,-1,-1
173,74,618.00,86.33,50.67,44.83,0.44,-1,-1,-1
173,75,553.67,65.62,44.67,40.71,0.46,-1,-1,-1
173,76,804.00,173.33,186.67,74.00,0.43,-1,-1,-1
174,73,519.33,80.17,55.33,45.33,0.44,-1,-1,-1
174,74,618.33,86.33,50.67,44.67,0.44,-1,-1,-1
174,75,553.67,65.75,44.67,40.50,0.45,-1,-1,-1
174,77,253.67,149.00,193.33,71.67,0.47,-1,-1,-1
175,73,518.33,80.96,54.67,44.04,0.43,-1,-1,-1
175,74,617.33,86.25,51.33,44.83,0.45,-1,-1,-1
175,75,552.67,65.79,45.33,40.71,0.45,-1,-1,-1
175,78,33.00,140.58,164.00,62.75,0.49,-1,-1,-1
176,73,519.00,80.42,55.33,44.50,0.44,-1,-1,-1
176,74,618.00,86.17,51.33,44.50,0.43,-1,-1,-1
176,75,553.33,66.00,45.33,40.33,0.45,-1,-1,-1
177,73,519.00,80.46,56.00,44.38,0.44,-1,-1,-1
177,74,618.00,86.08,51.33,44.50,0.43,-1,-1,-1
177,75,553.33,65.96,45.33,40.21,0.45,-1,-1,-1
178,73,518.67,80.58,56.00,45.17,0.43,-1,-1,-1
178,74,617.67,86.08,51.33,45.17,0.44,-1,-1,-1
178,75,552.67,65.71,46.00,40.71,0.44,-1,-1,-1
178,79,639.67,58.96,42.67,40.54,0.40,-1,-1,-1
179,73,518.67,80.58,56.00,45.17,0.43,-1,-1,-1
179,74,617.67,86.08,51.33,45.17,0.44,-1,-1,-1
179,75,552.67,65.71,46.00,40.71,0.44,-1,-1,-1
179,79,639.67,58.96,42.67,40.54,0.40,-1,-1,-1
180,73,518.00,81.38,54.67,44.12,0.43,-1,-1,-1
180,74,615.33,86.67,53.33,47.00,0.46,-1,-1,-1
180,75,552.33,65.88,46.00,40.96,0.44,-1,-1,-1
180,79,639.33,58.62,42.00,40.88,0.40,-1,-1,-1
181,73,517.67,80.25,56.00,46.50,0.42,-1,-1,-1
181,74,615.00,87.25,53.33,46.67,0.46,-1,-1,-1
181,75,546.00,62.33,53.33,45.00,0.46,-1,-1,-1
181,79,637.67,59.29,43.33,39.04,0.42,-1,-1,-1
182,73,512.67,82.83,56.00,47.00,0.45,-1,-1,-1
182,74,609.67,91.17,54.67,48.67,0.47,-1,-1,-1
182,75,544.33,65.75,51.33,43.67,0.47,-1,-1,-1
182,79,634.33,62.42,44.00,37.50,0.42,-1,-1,-1
183,73,512.67,82.83,56.00,47.00,0.45,-1,-1,-1
183,74,609.67,91.17,54.67,48.67,0.47,-1,-1,-1
183,75,544.33,65.75,51.33,43.67,0.47,-1,-1,-1
183,79,634.33,62.42,44.00,37.50,0.42,-1,-1,-1
184,73,504.33,86.17,60.67,49.50,0.45,-1,-1,-1
184,74,606.00,96.42,56.00,50.67,0.48,-1,-1,-1
184,75,539.33,67.58,56.67,44.67,0.45,-1,-1,-1
184,79,638.33,61.17,43.33,39.25,0.41,-1,-1,-1
185,73,504.33,86.17,60.67,49.50,0.46,-1,-1,-1
185,74,606.00,96.50,56.00,50.50,0.48,-1,-1,-1
185,75,539.33,67.58,56.67,44.67,0.45,-1,-1,-1
185,79,638.33,61.12,43.33,39.21,0.40,-1,-1,-1
186,73,436.00,114.17,80.67,62.67,0.49,-1,-1,-1
186,74,566.67,121.17,71.33,65.67,0.49,-1,-1,-1
186,75,518.67,77.17,62.00,46.00,0.44,-1,-1,-1
186,79,632.00,63.92,45.33,42.17,0.43,-1,-1,-1
186,80,568.67,55.92,44.00,37.42,0.41,-1,-1,-1
187,73,436.00,114.33,80.67,62.33,0.49,-1,-1,-1
187,74,566.67,121.25,71.33,65.42,0.49,-1,-1,-1
187,75,518.67,77.12,62.00,46.04,0.45,-1,-1,-1
187,79,631.67,63.67,46.00,42.33,0.42,-1,-1,-1
187,80,569.00,56.17,44.00,37.00,0.41,-1,-1,-1
188,73,198.83,207.33,154.83,122.67,0.47,-1,-1,-1
188,74,461.33,200.33,113.33,106.00,0.50,-1,-1,-1
188,75,454.00,102.58,82.67,61.33,0.48,-1,-1,-1
188,79,615.00,75.75,55.33,49.83,0.43,-1,-1,-1
188,80,546.67,66.62,51.33,39.88,0.44,-1,-1,-1
189,73,198.83,207.33,154.83,122.67,0.48,-1,-1,-1
189,74,461.67,200.33,113.33,106.00,0.50,-1,-1,-1
189,75,453.67,101.58,83.33,62.33,0.49,-1,-1,-1
189,79,615.00,75.71,55.33,49.96,0.43,-1,-1,-1
189,80,546.33,66.67,52.67,40.00,0.45,-1,-1,-1
190,73,198.83,207.33,154.83,122.67,0.48,-1,-1,-1
190,74,461.67,200.33,113.33,106.00,0.50,-1,-1,-1
190,75,453.67,101.58,83.33,62.33,0.49,-1,-1,-1
190,79,615.00,75.75,55.33,49.83,0.43,-1,-1,-1
190,80,546.33,66.58,52.67,40.00,0.45,-1,-1,-1
191,73,198.83,207.33,154.83,122.67,0.48,-1,-1,-1
191,74,461.33,200.33,113.33,106.00,0.50,-1,-1,-1
191,75,453.67,101.58,83.33,62.33,0.49,-1,-1,-1
191,79,615.00,75.75,55.33,49.83,0.43,-1,-1,-1
191,80,546.33,66.58,52.67,40.00,0.45,-1,-1,-1
192,73,198.83,207.33,154.83,122.67,0.48,-1,-1,-1
192,74,461.67,200.33,113.33,106.00,0.50,-1,-1,-1
192,75,453.67,101.50,83.33,62.33,0.49,-1,-1,-1
192,79,615.00,75.71,55.33,49.96,0.43,-1,-1,-1
192,80,546.33,66.58,52.67,40.00,0.45,-1,-1,-1
193,73,198.83,209.00,154.83,121.00,0.47,-1,-1,-1
193,74,461.33,200.50,113.33,105.67,0.50,-1,-1,-1
193,75,454.00,103.58,82.67,59.83,0.49,-1,-1,-1
193,79,614.67,75.92,55.33,49.67,0.43,-1,-1,-1
193,80,546.33,67.08,52.67,39.33,0.44,-1,-1,-1
194,81,323.33,154.17,114.00,87.00,0.50,-1,-1,-1
194,82,485.33,156.50,115.33,102.33,0.49,-1,-1,-1
194,83,531.33,59.50,54.00,41.50,0.46,-1,-1,-1
194,84,0.71,359.00,97.79,193.33,0.41,-1,-1,-1
195,85,344.67,240.83,182.00,168.17,0.49,-1,-1,-1
195,86,105.67,235.67,190.33,145.00,0.48,-1,-1,-1
195,87,488.00,75.25,64.00,50.83,0.47,-1,-1,-1
196,88,2.33,499.33,316.83,214.67,0.48,-1,-1,-1
196,89,422.67,100.92,82.00,60.83,0.48,-1,-1,-1
197,90,316.50,139.50,113.17,85.67,0.49,-1,-1,-1
197,91,546.33,72.71,55.33,43.12,0.44,-1,-1,-1
198,92,115.08,214.17,183.58,138.17,0.48,-1,-1,-1
198,93,491.33,100.42,70.67,52.00,0.47,-1,-1,-1
198,94,1022.67,374.33,222.67,172.67,0.47,-1,-1,-1
199,92,115.08,214.17,183.92,137.83,0.48,-1,-1,-1
199,93,491.33,100.42,70.67,52.00,0.47,-1,-1,-1
199,94,1022.67,374.33,222.67,172.67,0.47,-1,-1,-1
200,95,151.25,237.50,199.08,128.83,0.48,-1,-1,-1
200,96,466.67,283.00,282.00,142.00,0.47,-1,-1,-1
201,97,620.00,311.83,328.00,160.83,0.49,-1,-1,-1
201,98,238.33,258.83,226.67,143.83,0.48,-1,-1,-1
201,99,0.00,252.67,115.00,130.33,0.45,-1,-1,-1
201,100,0.00,182.67,50.42,89.00,0.41,-1,-1,-1
202,99,0.00,269.83,226.67,162.50,0.49,-1,-1,-1
202,100,0.04,185.50,83.50,97.00,0.41,-1,-1,-1
202,101,381.33,288.17,285.33,171.83,0.49,-1,-1,-1
202,102,866.67,323.50,393.33,166.50,0.42,-1,-1,-1
203,99,139.17,311.33,289.50,202.67,0.50,-1,-1,-1
203,100,0.08,192.00,125.58,94.33,0.49,-1,-1,-1
203,103,1190.67,315.67,89.33,146.00,0.44,-1,-1,-1
204,99,411.33,391.33,436.67,300.00,0.26,-1,-1,-1
204,100,34.92,204.00,158.75,101.33,0.48,-1,-1,-1
205,100,135.83,224.00,182.33,115.00,0.47,-1,-1,-1
206,100,311.67,256.17,225.33,143.83,0.48,-1,-1,-1
207,104,625.67,322.00,317.00,185.33,0.49,-1,-1,-1
208,105,0.00,253.00,93.25,107.00,0.48,-1,-1,-1
209,106,358.33,390.33,359.00,210.00,0.48,-1,-1,-1
221,107,0.00,245.17,52.58,106.83,0.43,-1,-1,-1
222,108,294.50,377.67,344.83,196.67,0.49,-1,-1,-1
225,109,737.33,219.67,213.33,90.67,0.48,-1,-1,-1
226,110,212.00,156.25,119.00,60.25,0.49,-1,-1,-1
227,111,0.00,122.92,32.65,46.58,0.43,-1,-1,-1
229,99,411.33,391.33,436.67,300.00,0.48,-1,-1,-1
230,112,1155.33,615.67,124.00,104.33,0.42,-1,-1,-1
236,113,502.00,220.67,165.33,81.67,0.47,-1,-1,-1
237,114,153.67,170.17,112.00,58.67,0.48,-1,-1,-1
238,115,0.11,141.17,34.64,45.83,0.42,-1,-1,-1
240,116,811.33,259.33,266.67,107.67,0.48,-1,-1,-1
241,117,340.50,197.17,155.50,69.67,0.48,-1,-1,-1
242,118,80.75,160.58,110.92,51.75,0.47,-1,-1,-1
244,119,352.00,151.17,297.33,136.33,0.49,-1,-1,-1
245,120,94.33,125.92,204.33,101.42,0.48,-1,-1,-1
246,121,0.00,111.50,87.00,75.67,0.46,-1,-1,-1
255,122,1121.33,215.33,158.67,94.33,0.48,-1,-1,-1
256,123,885.33,217.67,213.33,88.67,0.48,-1,-1,-1
257,124,641.33,206.50,186.67,79.33,0.45,-1,-1,-1
257,125,1226.67,211.33,53.33,85.33,0.40,-1,-1,-1
258,126,442.00,185.50,145.33,70.67,0.48,-1,-1,-1
258,127,1056.00,225.50,214.67,85.67,0.48,-1,-1,-1
259,127,1179.33,211.50,100.67,83.00,0.47,-1,-1,-1
259,128,281.00,166.42,117.67,61.25,0.49,-1,-1,-1
259,129,814.67,228.17,228.00,83.00,0.48,-1,-1,-1
260,127,970.00,224.50,206.67,79.67,0.48,-1,-1,-1
260,130,552.00,219.50,164.67,73.00,0.47,-1,-1,-1
260,131,144.08,149.08,99.92,53.92,0.46,-1,-1,-1
261,132,330.33,193.50,151.33,66.67,0.50,-1,-1,-1
261,133,734.67,219.33,162.67,78.33,0.46,-1,-1,-1
261,134,31.50,133.83,87.50,47.17,0.40,-1,-1,-1
262,135,1126.67,214.00,153.33,86.67,0.48,-1,-1,-1
262,136,430.67,204.50,167.33,68.33,0.47,-1,-1,-1
262,127,970.00,224.50,206.67,79.67,0.48,-1,-1,-1
263,137,229.50,183.17,127.50,60.00,0.49,-1,-1,-1
263,138,877.33,223.67,213.33,82.33,0.48,-1,-1,-1
263,139,0.33,149.92,100.17,53.75,0.45,-1,-1,-1
264,140,74.29,157.67,102.71,51.67,0.47,-1,-1,-1
264,141,603.33,219.67,192.00,71.33,0.46,-1,-1,-1
265,142,371.33,195.17,157.33,68.33,0.48,-1,-1,-1
265,143,0.02,138.17,25.75,44.50,0.41,-1,-1,-1
266,144,186.17,174.00,124.67,61.33,0.49,-1,-1,-1
267,145,43.33,155.42,102.33,52.25,0.46,-1,-1,-1
272,146,127.58,320.17,277.75,153.83,0.49,-1,-1,-1
274,147,6.00,197.33,150.33,93.33,0.52,-1,-1,-1
275,148,583.33,308.67,300.00,181.33,0.48,-1,-1,-1
278,149,44.33,217.50,162.17,86.00,0.49,-1,-1,-1
279,150,255.33,262.33,217.33,115.33,0.46,-1,-1,-1
280,151,567.67,317.67,316.33,148.00,0.48,-1,-1,-1
281,152,910.00,347.33,370.00,165.33,0.47,-1,-1,-1
289,153,49.50,301.17,213.33,142.17,0.48,-1,-1,-1
316,154,1213.33,208.00,66.67,89.00,0.44,-1,-1,-1
317,155,1016.00,221.50,213.33,85.67,0.48,-1,-1,-1
318,156,758.00,216.17,200.00,81.00,0.47,-1,-1,-1
319,157,1072.00,217.50,196.00,83.67,0.48,-1,-1,-1
319,158,518.33,196.67,162.00,71.67,0.44,-1,-1,-1
320,159,321.50,174.67,125.17,60.00,0.48,-1,-1,-1
320,160,792.00,220.67,197.33,79.33,0.48,-1,-1,-1
321,161,157.42,151.75,102.92,51.25,0.48,-1,-1,-1
321,162,518.67,206.50,172.00,73.00,0.47,-1,-1,-1
322,163,301.17,184.50,138.17,63.00,0.50,-1,-1,-1
322,164,1189.33,207.33,90.67,85.33,0.46,-1,-1,-1
322,165,20.92,135.17,89.25,43.83,0.43,-1,-1,-1
323,166,972.67,220.33,220.00,80.00,0.48,-1,-1,-1
323,167,125.17,165.00,111.00,53.33,0.47,-1,-1,-1
324,168,749.33,216.00,192.00,76.67,0.48,-1,-1,-1
325,169,534.33,202.33,172.33,67.67,0.46,-1,-1,-1
326,170,367.67,181.67,135.33,60.00,0.48,-1,-1,-1
327,171,220.67,162.00,111.67,53.00,0.46,-1,-1,-1
328,172,92.33,145.25,94.50,45.92,0.44,-1,-1,-1
329,173,0.17,129.67,59.21,43.00,0.43,-1,-1,-1
332,174,1111.33,166.50,168.67,126.33,0.44,-1,-1,-1
334,175,18.50,291.17,243.00,137.50,0.49,-1,-1,-1
335,176,420.67,120.33,360.00,156.00,0.41,-1,-1,-1
336,177,298.33,108.83,266.00,142.33,0.46,-1,-1,-1
337,178,201.33,116.33,208.67,110.33,0.46,-1,-1,-1
338,179,113.92,105.00,176.42,99.33,0.44,-1,-1,-1
338,180,1062.67,263.67,217.33,108.67,0.42,-1,-1,-1
339,181,676.67,213.00,205.33,85.33,0.47,-1,-1,-1
339,182,1122.00,312.83,158.00,113.83,0.47,-1,-1,-1
340,183,402.67,182.33,148.00,68.67,0.50,-1,-1,-1
340,184,0.00,91.50,95.08,81.17,0.45,-1,-1,-1
341,183,394.00,209.83,166.67,73.67,0.48,-1,-1,-1
341,185,207.50,157.17,114.33,56.33,0.48,-1,-1,-1
341,186,1092.67,274.67,186.67,94.67,0.45,-1,-1,-1
342,183,52.96,137.08,95.21,50.92,0.46,-1,-1,-1
342,185,176.33,178.67,127.00,60.00,0.49,-1,-1,-1
342,187,655.33,221.50,193.33,73.33,0.45,-1,-1,-1
343,183,361.67,182.17,136.67,60.67,0.49,-1,-1,-1
343,188,14.00,154.50,102.58,55.00,0.46,-1,-1,-1
343,189,1060.67,282.50,218.67,105.17,0.44,-1,-1,-1
344,190,154.83,153.17,105.67,50.33,0.47,-1,-1,-1
344,191,561.00,227.00,202.33,74.67,0.46,-1,-1,-1
344,192,166.75,323.67,265.58,158.67,0.43,-1,-1,-1
345,193,248.00,183.00,144.33,60.67,0.45,-1,-1,-1
345,194,0.56,130.17,83.85,45.17,0.42,-1,-1,-1
346,195,43.75,155.92,110.00,49.42,0.46,-1,-1,-1
347,196,814.67,233.83,225.33,86.67,0.48,-1,-1,-1
348,197,496.67,197.33,154.00,65.67,0.47,-1,-1,-1
349,198,278.83,168.33,117.83,56.00,0.48,-1,-1,-1
349,199,1094.67,266.33,185.33,94.00,0.46,-1,-1,-1
350,199,1057.33,290.83,222.67,137.83,0.45,-1,-1,-1
350,200,116.33,146.25,101.83,48.25,0.46,-1,-1,-1
350,201,649.67,216.67,189.00,72.33,0.44,-1,-1,-1
351,202,328.00,190.33,164.67,81.00,0.47,-1,-1,-1
351,203,0.00,130.92,81.83,43.75,0.45,-1,-1,-1
352,204,184.00,156.33,106.33,50.67,0.47,-1,-1,-1
352,205,12.50,148.83,104.83,58.00,0.45,-1,-1,-1
353,205,43.54,140.33,89.79,43.17,0.46,-1,-1,-1
354,206,272.67,261.33,240.00,136.67,0.49,-1,-1,-1
357,207,733.33,219.50,216.00,92.67,0.48,-1,-1,-1
358,183,361.67,182.17,136.67,60.67,0.48,-1,-1,-1
359,208,602.67,220.00,205.33,75.33,0.45,-1,-1,-1
359,185,176.33,178.67,127.00,60.00,0.48,-1,-1,-1
360,185,57.67,137.17,93.00,50.00,0.47,-1,-1,-1
360,209,41.00,203.83,167.33,103.33,0.46,-1,-1,-1
360,183,361.67,182.17,136.67,60.67,0.49,-1,-1,-1
361,210,20.25,147.25,102.00,46.75,0.44,-1,-1,-1
361,211,753.33,337.83,390.67,230.83,0.43,-1,-1,-1
367,212,0.25,183.00,80.29,77.33,0.49,-1,-1,-1
368,213,98.33,213.00,159.33,94.00,0.51,-1,-1,-1
369,214,123.92,113.33,321.08,133.33,0.49,-1,-1,-1
369,215,260.17,245.33,195.83,117.00,0.48,-1,-1,-1
370,216,435.33,275.17,246.67,145.50,0.48,-1,-1,-1
370,217,0.08,103.17,116.00,105.83,0.46,-1,-1,-1
371,218,689.33,307.33,321.33,159.33,0.49,-1,-1,-1
372,219,1071.33,319.00,208.67,150.00,0.47,-1,-1,-1
373,220,61.17,265.67,213.33,133.33,0.48,-1,-1,-1
375,221,96.08,332.00,273.58,167.33,0.49,-1,-1,-1
391,222,218.33,293.50,38.00,35.67,0.43,-1,-1,-1
392,223,167.83,307.17,57.67,54.83,0.48,-1,-1,-1
393,224,14.92,346.33,133.00,131.33,0.48,-1,-1,-1
396,225,129.25,266.33,81.42,77.67,0.43,-1,-1,-1
424,226,186.67,297.83,27.67,23.33,0.42,-1,-1,-1
426,227,118.08,311.00,46.33,39.33,0.48,-1,-1,-1
427,228,59.17,324.67,62.00,53.33,0.48,-1,-1,-1
428,229,0.00,345.67,59.92,73.33,0.49,-1,-1,-1
442,230,198.50,306.17,50.33,42.50,0.42,-1,-1,-1
443,231,170.00,315.83,62.33,52.83,0.48,-1,-1,-1
444,232,129.00,329.83,80.00,70.50,0.50,-1,-1,-1
445,233,73.00,351.33,108.50,98.00,0.50,-1,-1,-1
446,234,0.08,378.67,144.75,138.00,0.48,-1,-1,-1
447,234,0.21,410.67,105.29,222.00,0.42,-1,-1,-1
459,235,218.50,294.50,39.67,35.67,0.42,-1,-1,-1
460,236,178.50,305.00,59.00,50.33,0.48,-1,-1,-1
461,237,104.67,325.00,93.83,83.33,0.49,-1,-1,-1
462,238,0.00,370.00,124.67,170.00,0.47,-1,-1,-1
471,239,742.67,365.33,186.67,90.67,0.49,-1,-1,-1
472,240,574.00,323.17,96.00,53.50,0.48,-1,-1,-1
473,241,492.67,304.50,58.67,36.83,0.48,-1,-1,-1
474,242,446.67,294.17,40.00,28.67,0.43,-1,-1,-1
477,243,193.67,303.67,43.00,37.33,0.46,-1,-1,-1
478,244,70.92,339.67,96.67,84.67,0.48,-1,-1,-1
486,245,182.83,305.83,50.00,42.50,0.47,-1,-1,-1
487,246,89.17,331.83,93.67,79.17,0.48,-1,-1,-1
487,247,208.33,299.33,40.00,34.67,0.42,-1,-1,-1
488,248,168.67,312.83,56.67,47.83,0.49,-1,-1,-1
489,249,93.92,337.50,94.42,82.50,0.49,-1,-1,-1
489,250,873.33,370.00,284.00,146.67,0.49,-1,-1,-1
490,251,555.00,310.17,102.00,60.17,0.48,-1,-1,-1
490,252,0.38,394.33,117.29,191.33,0.44,-1,-1,-1
491,253,462.00,291.50,53.33,38.67,0.48,-1,-1,-1
491,254,180.17,306.00,54.00,37.67,0.44,-1,-1,-1
492,255,111.58,320.00,76.58,53.33,0.49,-1,-1,-1
492,256,575.00,260.83,290.33,156.83,0.47,-1,-1,-1
492,257,420.67,284.17,36.00,29.00,0.41,-1,-1,-1
493,258,0.17,352.00,99.17,83.33,0.49,-1,-1,-1
493,259,467.00,262.83,119.33,81.83,0.49,-1,-1,-1
494,260,421.00,262.17,70.00,55.67,0.42,-1,-1,-1
498,261,629.00,366.67,223.67,124.00,0.49,-1,-1,-1
498,262,361.67,264.17,24.67,26.67,0.41,-1,-1,-1
499,262,355.33,264.50,22.00,24.33,0.38,-1,-1,-1
499,263,463.00,313.33,81.33,53.33,0.47,-1,-1,-1
500,262,349.67,266.00,22.67,22.67,0.23,-1,-1,-1
500,264,406.33,294.67,45.33,34.00,0.45,-1,-1,-1
501,262,344.33,266.50,22.00,19.67,0.11,-1,-1,-1
509,265,212.00,301.00,41.00,36.00,0.44,-1,-1,-1
510,265,192.50,307.33,53.67,45.00,0.49,-1,-1,-1
511,265,162.92,317.67,67.92,58.00,0.48,-1,-1,-1
512,265,117.08,333.50,92.58,79.17,0.49,-1,-1,-1
513,265,45.25,356.00,133.08,120.00,0.51,-1,-1,-1
514,266,0.00,392.67,135.08,177.33,0.47,-1,-1,-1
515,266,0.42,429.33,90.50,235.33,0.33,-1,-1,-1
517,267,26.08,304.50,72.42,37.17,0.43,-1,-1,-1
519,268,1038.00,431.67,242.00,170.00,0.47,-1,-1,-1
519,269,222.33,294.50,35.00,29.00,0.43,-1,-1,-1
520,270,693.33,360.00,210.67,105.33,0.48,-1,-1,-1
520,271,201.67,301.00,43.00,34.00,0.40,-1,-1,-1
521,271,180.00,307.17,52.67,42.50,0.47,-1,-1,-1
521,272,531.33,325.50,117.33,67.17,0.49,-1,-1,-1
522,271,155.92,315.50,63.75,51.83,0.47,-1,-1,-1
522,273,453.00,307.33,74.00,47.33,0.47,-1,-1,-1
522,274,119.25,303.17,54.08,48.17,0.44,-1,-1,-1
523,271,128.00,326.33,76.50,64.67,0.49,-1,-1,-1
523,275,75.00,310.67,70.67,62.00,0.50,-1,-1,-1
523,276,413.33,297.17,50.67,35.00,0.46,-1,-1,-1
524,271,97.00,336.83,93.67,82.83,0.49,-1,-1,-1
524,277,15.88,322.83,91.29,79.50,0.49,-1,-1,-1
524,278,392.00,291.00,37.33,30.00,0.45,-1,-1,-1
525,271,66.75,346.67,113.58,98.67,0.51,-1,-1,-1
525,278,381.33,286.33,31.33,26.33,0.41,-1,-1,-1
525,279,0.08,338.17,55.50,109.17,0.47,-1,-1,-1
526,271,42.00,355.67,127.00,111.33,0.50,-1,-1,-1
526,278,375.00,283.17,26.67,24.00,0.32,-1,-1,-1
527,271,22.71,362.00,138.79,123.33,0.48,-1,-1,-1
527,278,367.67,281.00,25.33,22.67,0.28,-1,-1,-1
528,271,7.00,368.67,148.00,132.00,0.48,-1,-1,-1
528,278,362.67,279.83,22.00,20.33,0.19,-1,-1,-1
529,271,0.00,371.00,151.50,137.33,0.48,-1,-1,-1
529,278,359.67,277.50,20.00,19.00,0.26,-1,-1,-1
530,271,0.00,372.67,149.17,140.67,0.49,-1,-1,-1
530,278,354.67,276.67,20.00,18.33,0.24,-1,-1,-1
531,271,0.00,372.33,148.83,141.33,0.49,-1,-1,-1
531,278,349.67,275.33,20.00,18.33,0.18,-1,-1,-1
532,271,0.00,373.33,147.83,142.00,0.49,-1,-1,-1
532,278,347.00,274.50,18.00,17.00,0.25,-1,-1,-1
533,271,0.00,373.33,147.67,142.00,0.49,-1,-1,-1
534,271,0.00,373.33,147.83,142.00,0.49,-1,-1,-1
535,271,0.00,373.33,147.83,141.33,0.49,-1,-1,-1
536,271,0.00,373.00,147.92,142.00,0.49,-1,-1,-1
537,271,0.00,373.33,147.83,141.33,0.49,-1,-1,-1
537,280,194.33,294.50,41.00,30.33,0.46,-1,-1,-1
538,271,0.00,373.33,147.83,142.67,0.49,-1,-1,-1
538,281,151.50,300.17,51.67,40.50,0.49,-1,-1,-1
539,271,0.00,373.33,148.00,142.67,0.49,-1,-1,-1
539,282,104.25,310.67,63.67,51.33,0.48,-1,-1,-1
540,271,0.00,373.33,147.83,142.00,0.49,-1,-1,-1
540,283,43.71,323.00,83.12,52.67,0.44,-1,-1,-1
541,271,0.00,373.67,148.00,144.00,0.48,-1,-1,-1
541,284,0.10,335.83,77.56,80.17,0.44,-1,-1,-1
542,271,0.00,373.33,148.00,143.33,0.49,-1,-1,-1
542,284,0.32,354.67,33.80,64.67,0.41,-1,-1,-1
542,285,229.50,291.33,32.67,28.67,0.40,-1,-1,-1
543,271,0.00,373.33,147.92,142.67,0.49,-1,-1,-1
543,285,214.50,296.67,39.00,32.67,0.46,-1,-1,-1
544,271,0.00,373.33,147.83,144.00,0.49,-1,-1,-1
544,285,196.83,302.00,46.67,39.67,0.47,-1,-1,-1
545,271,0.00,373.67,146.75,143.33,0.49,-1,-1,-1
545,285,177.67,307.67,55.67,46.33,0.49,-1,-1,-1
546,271,0.00,377.00,143.92,150.00,0.48,-1,-1,-1
546,285,158.25,313.17,65.25,54.17,0.47,-1,-1,-1
547,271,0.00,383.67,137.17,161.33,0.46,-1,-1,-1
547,285,139.33,318.67,74.33,62.67,0.47,-1,-1,-1
548,271,0.00,393.33,127.58,184.67,0.39,-1,-1,-1
548,285,120.83,324.00,82.50,68.67,0.49,-1,-1,-1
548,286,224.83,293.33,35.00,30.33,0.43,-1,-1,-1
549,271,0.50,403.33,106.50,258.00,0.38,-1,-1,-1
549,285,99.25,330.00,96.42,80.00,0.48,-1,-1,-1
549,286,211.17,298.00,39.67,35.67,0.45,-1,-1,-1
550,285,73.50,339.67,107.33,92.67,0.49,-1,-1,-1
550,286,192.83,303.17,51.00,41.50,0.48,-1,-1,-1
551,285,22.42,355.00,136.67,113.33,0.51,-1,-1,-1
551,286,171.67,310.17,58.00,48.50,0.49,-1,-1,-1
552,286,149.75,316.00,70.92,56.00,0.49,-1,-1,-1
553,286,126.17,322.67,80.67,64.67,0.50,-1,-1,-1
554,286,93.17,332.67,96.67,76.67,0.49,-1,-1,-1
555,286,31.62,351.33,123.38,106.00,0.51,-1,-1,-1
555,287,233.00,291.83,42.00,38.67,0.41,-1,-1,-1
556,288,1056.00,428.67,224.00,168.67,0.46,-1,-1,-1
556,289,0.21,393.33,94.12,179.33,0.44,-1,-1,-1
557,290,182.67,304.67,64.33,59.67,0.48,-1,-1,-1
557,291,844.67,370.67,222.67,114.00,0.47,-1,-1,-1
558,292,132.00,318.83,90.67,84.17,0.48,-1,-1,-1
558,293,690.67,339.00,153.33,76.00,0.48,-1,-1,-1
559,294,37.54,342.67,146.12,140.00,0.48,-1,-1,-1
559,295,587.67,319.00,105.67,55.33,0.48,-1,-1,-1
560,296,518.00,305.83,75.33,44.83,0.43,-1,-1,-1
561,297,473.00,296.83,55.33,37.00,0.47,-1,-1,-1
562,298,442.00,290.67,44.00,31.33,0.43,-1,-1,-1
563,278,347.00,274.50,18.00,17.00,0.42,-1,-1,-1
564,278,403.67,283.00,30.67,23.33,0.38,-1,-1,-1
565,278,391.33,280.50,25.33,21.00,0.36,-1,-1,-1
566,278,381.33,279.67,22.67,19.00,0.34,-1,-1,-1
567,278,371.67,277.33,20.00,18.00,0.37,-1,-1,-1
568,278,363.00,275.33,19.33,17.33,0.25,-1,-1,-1
569,278,357.67,274.50,17.33,16.00,0.29,-1,-1,-1
569,299,102.33,309.67,61.83,52.33,0.49,-1,-1,-1
570,278,353.00,274.17,16.67,14.33,0.22,-1,-1,-1
570,300,0.04,331.17,92.63,86.50,0.49,-1,-1,-1
571,278,349.67,272.67,16.67,15.00,0.15,-1,-1,-1
572,278,344.67,271.33,16.67,15.00,0.16,-1,-1,-1
572,301,733.33,376.33,298.67,154.67,0.49,-1,-1,-1
573,278,341.00,270.00,16.67,15.00,0.13,-1,-1,-1
573,302,458.00,302.50,77.33,54.17,0.48,-1,-1,-1
574,278,339.50,269.33,17.83,15.67,0.11,-1,-1,-1
574,303,396.67,287.67,40.00,32.67,0.44,-1,-1,-1
576,304,473.33,306.33,94.00,66.67,0.50,-1,-1,-1
577,305,401.33,287.67,44.00,37.33,0.46,-1,-1,-1
578,306,373.33,280.17,30.00,28.67,0.43,-1,-1,-1
589,307,522.67,327.00,126.67,84.67,0.49,-1,-1,-1
590,308,425.67,296.67,56.67,44.33,0.47,-1,-1,-1
597,309,178.00,309.67,48.00,42.33,0.47,-1,-1,-1
598,310,122.42,325.33,75.58,65.33,0.48,-1,-1,-1
599,311,109.83,311.17,52.33,42.83,0.50,-1,-1,-1
599,312,26.88,359.00,120.29,109.33,0.48,-1,-1,-1
600,313,45.00,324.67,71.58,59.33,0.49,-1,-1,-1
601,314,0.00,344.67,55.92,85.33,0.50,-1,-1,-1
601,315,911.33,410.00,330.67,157.33,0.49,-1,-1,-1
602,316,583.67,323.50,115.67,62.17,0.48,-1,-1,-1
602,317,179.00,293.83,29.67,27.00,0.41,-1,-1,-1
603,318,487.33,300.00,61.33,38.33,0.48,-1,-1,-1
603,319,152.00,296.83,41.00,32.33,0.41,-1,-1,-1
604,320,442.00,290.83,40.00,27.67,0.44,-1,-1,-1
604,321,104.83,300.33,62.50,38.00,0.40,-1,-1,-1
605,322,415.33,285.17,32.00,23.00,0.44,-1,-1,-1
605,323,38.88,304.50,78.96,38.17,0.41,-1,-1,-1
606,278,339.50,269.33,17.83,15.67,0.33,-1,-1,-1
607,278,386.00,279.33,21.33,17.67,0.37,-1,-1,-1
608,278,375.33,277.67,20.67,17.00,0.36,-1,-1,-1
608,324,1192.00,414.33,88.00,124.67,0.42,-1,-1,-1
609,278,367.67,275.83,18.00,15.00,0.36,-1,-1,-1
609,325,944.00,365.67,168.00,81.33,0.47,-1,-1,-1
610,278,361.33,274.17,17.33,15.33,0.26,-1,-1,-1
610,326,761.33,332.83,116.00,56.83,0.48,-1,-1,-1
611,278,355.33,274.00,16.67,14.67,0.24,-1,-1,-1
611,327,640.33,313.83,78.33,41.50,0.46,-1,-1,-1
611,328,181.33,297.33,32.00,27.00,0.41,-1,-1,-1
612,278,352.33,272.50,15.33,14.00,0.13,-1,-1,-1
612,329,156.75,302.83,39.25,31.67,0.44,-1,-1,-1
612,330,560.00,301.50,54.00,33.33,0.43,-1,-1,-1
613,278,346.00,271.17,17.33,15.00,0.12,-1,-1,-1
613,331,123.42,309.00,51.42,40.33,0.45,-1,-1,-1
613,332,728.67,294.67,205.33,160.00,0.45,-1,-1,-1
613,333,504.67,292.17,41.33,26.33,0.40,-1,-1,-1
614,278,344.33,270.50,15.33,13.67,0.10,-1,-1,-1
614,334,82.79,317.67,64.04,49.33,0.46,-1,-1,-1
615,335,533.00,338.67,159.00,90.67,0.50,-1,-1,-1
615,336,33.83,329.50,78.08,59.17,0.48,-1,-1,-1
616,337,0.19,342.67,74.98,72.67,0.50,-1,-1,-1
616,338,444.33,309.33,75.33,49.67,0.48,-1,-1,-1
617,337,0.00,354.33,39.29,91.33,0.40,-1,-1,-1
617,339,453.33,273.33,46.67,48.00,0.47,-1,-1,-1
617,340,401.33,294.00,47.33,34.67,0.44,-1,-1,-1
631,341,196.50,298.50,49.33,40.83,0.43,-1,-1,-1
632,342,165.83,307.00,59.00,49.67,0.47,-1,-1,-1
633,343,122.67,318.83,81.50,64.50,0.45,-1,-1,-1
634,344,59.17,329.83,110.17,96.17,0.50,-1,-1,-1
634,345,171.00,296.67,38.33,29.33,0.45,-1,-1,-1
635,346,0.00,356.67,120.92,140.67,0.46,-1,-1,-1
635,347,132.67,301.83,56.17,31.00,0.45,-1,-1,-1
636,348,67.75,306.33,76.67,34.67,0.48,-1,-1,-1
637,349,0.62,307.83,79.04,35.17,0.47,-1,-1,-1
647,350,635.00,381.33,259.67,143.33,0.49,-1,-1,-1
648,351,473.00,322.83,100.67,62.17,0.49,-1,-1,-1
649,352,414.67,300.50,57.33,40.50,0.47,-1,-1,-1
650,353,385.00,290.67,39.33,29.67,0.43,-1,-1,-1
655,354,51.88,305.50,74.96,34.17,0.45,-1,-1,-1
656,355,0.35,305.17,46.98,35.50,0.47,-1,-1,-1
664,356,211.00,298.17,39.67,33.00,0.43,-1,-1,-1
665,357,148.92,317.00,67.08,54.67,0.48,-1,-1,-1
666,358,0.00,391.00,102.17,162.00,0.44,-1,-1,-1
677,359,194.83,302.33,41.67,35.67,0.41,-1,-1,-1
678,360,133.83,318.67,63.33,56.00,0.47,-1,-1,-1
679,361,0.46,362.00,111.88,105.33,0.50,-1,-1,-1
684,362,200.83,299.83,40.00,32.00,0.46,-1,-1,-1
685,363,158.50,311.83,55.00,43.50,0.48,-1,-1,-1
686,364,81.29,332.33,88.71,72.67,0.49,-1,-1,-1
687,365,0.00,380.00,79.83,140.00,0.46,-1,-1,-1
695,366,1120.00,539.33,160.00,174.67,0.44,-1,-1,-1
696,367,773.33,412.67,349.33,188.00,0.50,-1,-1,-1
697,368,595.33,352.33,182.67,106.00,0.47,-1,-1,-1
698,369,503.00,324.00,104.67,66.00,0.49,-1,-1,-1
699,370,450.00,306.67,68.67,46.67,0.48,-1,-1,-1
700,371,417.67,296.67,48.67,35.00,0.47,-1,-1,-1
701,372,395.33,290.33,37.33,28.67,0.45,-1,-1,-1
717,373,750.00,389.00,248.00,144.00,0.45,-1,-1,-1
718,374,591.67,337.17,129.00,77.17,0.50,-1,-1,-1
719,375,511.33,314.83,77.33,49.17,0.48,-1,-1,-1
720,376,463.00,300.17,53.33,37.33,0.45,-1,-1,-1
721,377,433.67,291.33,40.00,29.67,0.42,-1,-1,-1
722,378,213.67,296.67,39.67,38.33,0.43,-1,-1,-1
723,379,180.00,306.00,56.00,51.33,0.47,-1,-1,-1
724,380,126.33,318.67,83.67,78.00,0.50,-1,-1,-1
725,381,34.21,345.67,130.29,123.33,0.51,-1,-1,-1
726,382,0.50,382.00,94.17,232.00,0.41,-1,-1,-1
731,383,98.67,305.17,61.50,32.00,0.47,-1,-1,-1
732,384,31.79,307.17,73.71,32.83,0.48,-1,-1,-1
733,385,188.67,306.50,46.00,39.83,0.44,-1,-1,-1
734,386,143.75,320.67,64.08,55.33,0.48,-1,-1,-1
735,387,49.38,351.33,108.79,92.00,0.50,-1,-1,-1
736,388,893.33,379.67,268.00,149.33,0.48,-1,-1,-1
737,389,703.33,338.00,169.33,97.33,0.48,-1,-1,-1
738,390,588.00,317.00,109.33,65.33,0.49,-1,-1,-1
739,391,977.33,412.00,300.00,166.67,0.49,-1,-1,-1
739,392,517.00,303.17,74.67,49.83,0.44,-1,-1,-1
740,393,702.67,350.00,176.00,92.67,0.48,-1,-1,-1
740,394,473.67,294.83,53.33,39.00,0.47,-1,-1,-1
741,395,577.00,319.17,106.33,63.50,0.48,-1,-1,-1
741,396,446.33,289.67,40.67,31.00,0.45,-1,-1,-1
742,397,508.33,303.50,70.67,49.17,0.42,-1,-1,-1
742,398,426.33,285.33,33.33,26.33,0.41,-1,-1,-1
743,399,466.67,296.00,50.67,36.00,0.48,-1,-1,-1
744,400,437.67,290.50,40.00,28.67,0.44,-1,-1,-1
745,401,417.67,287.00,32.00,23.33,0.42,-1,-1,-1
749,402,157.25,302.17,41.25,33.00,0.45,-1,-1,-1
750,403,109.67,314.33,55.17,44.33,0.48,-1,-1,-1
751,404,21.42,336.83,89.50,71.83,0.49,-1,-1,-1
773,405,1024.00,309.33,180.00,136.00,0.47,-1,-1,-1
774,406,912.67,147.25,78.67,61.92,0.50,-1,-1,-1
775,407,856.00,71.96,38.67,30.21,0.45,-1,-1,-1
793,408,603.67,62.17,41.33,30.08,0.43,-1,-1,-1
793,409,848.00,468.00,268.00,252.00,0.42,-1,-1,-1
794,410,968.67,222.00,114.67,94.00,0.50,-1,-1,-1
794,411,814.00,177.33,97.33,88.00,0.48,-1,-1,-1
794,412,559.33,78.17,53.33,39.50,0.47,-1,-1,-1
795,413,888.00,114.25,58.67,47.67,0.49,-1,-1,-1
795,414,806.67,102.92,57.33,50.67,0.48,-1,-1,-1
795,415,498.67,99.08,71.33,54.00,0.45,-1,-1,-1
796,416,414.33,133.58,97.33,68.58,0.49,-1,-1,-1
796,417,802.67,70.04,40.00,35.46,0.47,-1,-1,-1
796,418,857.33,74.08,38.67,30.67,0.46,-1,-1,-1
797,419,294.83,178.00,139.83,94.67,0.51,-1,-1,-1
797,420,799.33,51.83,30.67,27.58,0.45,-1,-1,-1
798,421,73.92,227.00,231.42,131.33,0.47,-1,-1,-1
799,422,794.67,33.44,22.67,18.98,0.40,-1,-1,-1
802,423,795.33,212.83,106.67,116.00,0.51,-1,-1,-1
802,424,1026.67,292.00,168.00,125.33,0.47,-1,-1,-1
803,425,850.67,70.42,37.33,30.17,0.42,-1,-1,-1
803,426,791.33,47.71,28.00,24.75,0.41,-1,-1,-1
804,425,850.67,70.42,37.33,30.17,0.42,-1,-1,-1
804,426,791.33,47.71,28.00,24.75,0.41,-1,-1,-1
805,425,850.67,70.42,37.33,30.17,0.42,-1,-1,-1
805,426,791.33,47.71,28.00,24.75,0.41,-1,-1,-1
806,427,628.33,42.67,40.00,45.33,0.49,-1,-1,-1
807,427,626.33,43.12,41.33,45.88,0.48,-1,-1,-1
808,427,624.67,43.92,41.33,45.92,0.48,-1,-1,-1
809,427,623.33,44.58,42.67,45.83,0.48,-1,-1,-1
810,427,599.33,52.67,48.67,54.50,0.50,-1,-1,-1
811,427,564.00,64.92,62.67,64.50,0.49,-1,-1,-1
812,427,515.33,80.75,79.33,77.50,0.50,-1,-1,-1
813,427,451.33,100.92,101.33,91.42,0.49,-1,-1,-1
813,428,642.33,56.92,36.67,29.08,0.41,-1,-1,-1
814,427,359.00,125.50,138.67,110.00,0.50,-1,-1,-1
814,429,618.33,70.46,46.00,37.04,0.47,-1,-1,-1
815,427,234.67,159.67,184.33,130.33,0.47,-1,-1,-1
815,430,581.67,92.83,58.00,48.00,0.49,-1,-1,-1
816,427,69.42,184.50,253.58,160.83,0.43,-1,-1,-1
816,431,520.67,125.83,83.33,66.17,0.50,-1,-1,-1
817,432,405.33,178.00,128.00,98.33,0.51,-1,-1,-1
818,433,818.00,236.00,113.33,107.67,0.49,-1,-1,-1
818,434,157.75,286.33,230.25,186.00,0.47,-1,-1,-1
819,435,807.33,129.58,64.00,56.42,0.47,-1,-1,-1
820,436,789.33,41.29,25.33,20.67,0.43,-1,-1,-1
821,436,789.33,41.25,25.33,20.67,0.43,-1,-1,-1
822,436,789.33,41.29,25.33,20.67,0.43,-1,-1,-1
860,437,651.67,80.92,45.00,49.83,0.48,-1,-1,-1
861,438,617.33,100.00,66.67,65.33,0.50,-1,-1,-1
862,439,551.00,138.92,96.67,97.42,0.50,-1,-1,-1
863,440,393.00,229.00,173.33,172.33,0.49,-1,-1,-1
865,441,1038.67,344.33,222.67,179.33,0.48,-1,-1,-1
865,442,863.33,508.67,225.33,211.33,0.42,-1,-1,-1
866,443,802.00,148.83,66.67,62.67,0.50,-1,-1,-1
866,444,845.33,62.67,36.00,32.08,0.49,-1,-1,-1
867,443,802.00,148.83,66.67,62.67,0.50,-1,-1,-1
867,444,845.33,62.67,36.00,32.08,0.49,-1,-1,-1
868,443,802.00,148.83,66.67,62.67,0.50,-1,-1,-1
868,444,845.33,62.67,36.00,32.08,0.49,-1,-1,-1
869,443,802.00,148.92,66.67,62.42,0.50,-1,-1,-1
869,444,845.33,62.67,36.00,32.08,0.49,-1,-1,-1
870,443,801.33,75.17,34.67,31.50,0.46,-1,-1,-1
870,444,819.33,27.77,18.67,16.81,0.10,-1,-1,-1
870,445,600.67,63.54,46.67,37.38,0.48,-1,-1,-1
871,443,800.00,73.83,34.67,31.50,0.46,-1,-1,-1
871,445,596.67,65.00,46.67,37.83,0.47,-1,-1,-1
872,443,799.33,72.71,34.67,31.46,0.44,-1,-1,-1
872,445,591.00,66.21,48.67,39.21,0.48,-1,-1,-1
873,443,798.67,64.58,32.00,28.42,0.42,-1,-1,-1
873,445,534.67,88.58,65.33,51.50,0.47,-1,-1,-1
874,443,799.33,55.50,28.00,24.17,0.41,-1,-1,-1
874,445,372.67,152.75,116.67,87.25,0.50,-1,-1,-1
875,443,798.67,47.50,24.00,21.58,0.25,-1,-1,-1
876,443,798.00,40.42,22.67,19.33,0.30,-1,-1,-1
876,446,629.33,60.29,37.33,30.21,0.47,-1,-1,-1
877,443,797.33,36.08,20.00,17.08,0.28,-1,-1,-1
877,447,570.00,88.08,54.00,42.83,0.49,-1,-1,-1
878,443,796.67,31.58,20.00,15.92,0.11,-1,-1,-1
878,448,442.00,148.50,94.00,71.00,0.49,-1,-1,-1
879,449,37.08,322.67,254.58,183.33,0.49,-1,-1,-1
893,450,808.00,104.67,52.00,46.17,0.49,-1,-1,-1
894,450,808.00,104.67,52.00,46.17,0.49,-1,-1,-1
895,450,808.00,104.67,52.00,46.17,0.49,-1,-1,-1
896,450,797.33,40.42,24.00,19.92,0.35,-1,-1,-1
897,450,796.67,39.81,24.00,19.69,0.34,-1,-1,-1
898,450,795.33,38.92,24.00,19.58,0.33,-1,-1,-1
899,450,794.67,38.33,24.00,19.08,0.33,-1,-1,-1
900,450,796.00,32.46,20.00,16.83,0.26,-1,-1,-1
901,451,596.00,72.00,48.00,38.83,0.48,-1,-1,-1
902,452,487.00,121.00,81.33,64.00,0.50,-1,-1,-1
945,453,838.67,269.33,77.33,28.00,0.48,-1,-1,-1
945,454,768.67,257.33,72.00,28.00,0.47,-1,-1,-1
946,453,838.00,269.33,77.33,28.00,0.48,-1,-1,-1
946,454,768.67,257.33,72.00,28.00,0.47,-1,-1,-1
947,453,838.67,269.17,77.33,28.33,0.48,-1,-1,-1
947,454,768.67,257.33,72.00,28.00,0.47,-1,-1,-1
948,453,838.67,269.17,77.33,28.33,0.48,-1,-1,-1
948,454,768.67,257.33,72.00,28.00,0.47,-1,-1,-1
949,453,838.67,269.50,76.00,27.67,0.48,-1,-1,-1
949,454,768.67,257.33,72.00,28.00,0.47,-1,-1,-1
949,455,899.33,257.67,65.33,29.00,0.49,-1,-1,-1
950,453,838.67,269.50,76.00,27.67,0.48,-1,-1,-1
950,454,768.67,257.33,72.00,28.00,0.47,-1,-1,-1
950,455,899.33,257.67,65.33,29.00,0.49,-1,-1,-1
951,453,838.00,269.50,77.33,28.00,0.47,-1,-1,-1
951,455,786.00,259.17,74.67,30.67,0.42,-1,-1,-1
952,453,838.00,269.50,77.33,28.00,0.47,-1,-1,-1
952,455,786.00,259.17,74.67,30.67,0.42,-1,-1,-1
953,453,838.00,269.33,77.33,28.00,0.48,-1,-1,-1
953,454,768.67,257.33,72.00,28.00,0.37,-1,-1,-1
954,453,838.00,269.33,77.33,28.00,0.48,-1,-1,-1
954,454,747.33,258.50,86.67,33.33,0.37,-1,-1,-1
955,453,838.67,269.33,77.33,28.00,0.48,-1,-1,-1
955,454,744.00,259.83,82.67,31.33,0.41,-1,-1,-1
956,453,838.67,269.33,77.33,28.00,0.48,-1,-1,-1
956,454,744.00,259.83,82.67,31.33,0.41,-1,-1,-1
957,453,838.67,269.33,77.33,28.00,0.48,-1,-1,-1
957,454,744.00,259.83,81.33,31.33,0.41,-1,-1,-1
958,453,838.67,269.33,77.33,28.00,0.48,-1,-1,-1
958,454,744.00,259.83,81.33,31.33,0.41,-1,-1,-1
959,453,838.67,269.33,77.33,28.00,0.48,-1,-1,-1
959,454,743.33,259.67,85.33,31.33,0.40,-1,-1,-1
960,453,838.67,269.33,77.33,28.00,0.48,-1,-1,-1
960,454,744.00,259.50,85.33,31.67,0.40,-1,-1,-1
961,453,838.67,269.33,77.33,28.33,0.48,-1,-1,-1
961,454,743.33,259.50,86.67,31.67,0.39,-1,-1,-1
962,453,838.67,269.33,77.33,28.33,0.48,-1,-1,-1
962,454,743.33,259.50,86.67,31.67,0.39,-1,-1,-1
963,453,838.67,269.33,77.33,28.00,0.48,-1,-1,-1
963,454,744.00,259.67,85.33,31.67,0.40,-1,-1,-1
964,453,838.67,269.33,77.33,28.00,0.48,-1,-1,-1
964,454,744.00,259.67,85.33,31.67,0.40,-1,-1,-1
965,453,838.67,269.33,77.33,28.00,0.48,-1,-1,-1
965,454,743.33,259.83,85.33,31.33,0.40,-1,-1,-1
965,456,934.00,254.83,48.00,30.00,0.45,-1,-1,-1
965,457,178.50,251.83,41.33,32.67,0.41,-1,-1,-1
966,453,838.67,269.33,77.33,28.00,0.48,-1,-1,-1
966,454,743.33,259.83,85.33,31.33,0.40,-1,-1,-1
966,456,934.00,254.83,48.00,30.00,0.45,-1,-1,-1
966,457,178.50,251.83,41.33,32.67,0.41,-1,-1,-1
967,453,838.00,269.50,77.33,27.67,0.48,-1,-1,-1
967,454,744.00,259.67,85.33,31.67,0.40,-1,-1,-1
967,456,900.00,256.00,68.00,30.00,0.49,-1,-1,-1
967,457,240.33,279.00,63.33,46.67,0.47,-1,-1,-1
968,453,838.00,269.50,77.33,27.67,0.48,-1,-1,-1
968,454,744.00,259.67,85.33,31.67,0.40,-1,-1,-1
968,456,900.00,256.00,68.00,30.00,0.49,-1,-1,-1
968,457,240.33,279.00,63.33,46.67,0.47,-1,-1,-1
969,453,838.00,269.50,77.33,27.67,0.48,-1,-1,-1
969,454,744.00,259.83,84.00,31.33,0.40,-1,-1,-1
969,456,898.67,256.17,66.67,30.00,0.49,-1,-1,-1
969,458,314.67,313.33,89.33,66.00,0.49,-1,-1,-1
970,453,838.00,269.50,77.33,27.67,0.48,-1,-1,-1
970,454,744.00,259.83,84.00,31.33,0.40,-1,-1,-1
970,456,898.67,256.17,66.67,30.00,0.49,-1,-1,-1
970,458,314.67,313.33,89.33,66.00,0.49,-1,-1,-1
971,453,838.00,269.33,77.33,27.67,0.48,-1,-1,-1
971,454,743.33,260.00,85.33,31.00,0.40,-1,-1,-1
971,456,898.67,256.33,68.00,29.33,0.48,-1,-1,-1
971,458,389.33,348.33,120.00,94.00,0.50,-1,-1,-1
972,453,838.00,269.33,77.33,27.67,0.48,-1,-1,-1
972,454,743.33,260.00,85.33,31.00,0.40,-1,-1,-1
972,456,898.00,256.33,69.33,29.33,0.48,-1,-1,-1
972,458,389.33,348.33,120.00,94.00,0.50,-1,-1,-1
973,453,838.00,269.50,77.33,27.67,0.48,-1,-1,-1
973,454,744.00,259.83,85.33,31.33,0.40,-1,-1,-1
973,456,898.67,256.00,66.67,30.00,0.49,-1,-1,-1
973,458,413.33,361.67,131.33,94.67,0.49,-1,-1,-1
974,453,838.00,269.50,77.33,27.67,0.48,-1,-1,-1
974,454,744.00,259.83,85.33,31.33,0.40,-1,-1,-1
974,456,898.67,256.00,66.67,30.00,0.49,-1,-1,-1
974,458,413.33,361.67,131.33,94.67,0.49,-1,-1,-1
975,453,838.67,269.33,77.33,28.00,0.48,-1,-1,-1
975,454,744.00,259.83,85.33,31.33,0.40,-1,-1,-1
975,458,413.67,361.33,131.33,94.67,0.49,-1,-1,-1
975,459,925.33,256.33,56.00,34.67,0.47,-1,-1,-1
976,453,838.67,269.33,77.33,28.00,0.48,-1,-1,-1
976,454,744.00,259.83,85.33,31.33,0.40,-1,-1,-1
976,458,413.67,361.33,131.33,94.67,0.49,-1,-1,-1
976,459,925.33,256.17,56.00,34.67,0.47,-1,-1,-1
977,453,838.67,268.33,80.00,28.67,0.45,-1,-1,-1
977,454,744.00,259.83,84.00,31.33,0.41,-1,-1,-1
977,458,413.67,361.67,131.33,94.67,0.49,-1,-1,-1
977,456,898.67,256.00,66.67,30.00,0.33,-1,-1,-1
978,453,838.67,268.33,80.00,28.67,0.45,-1,-1,-1
978,454,744.00,259.83,84.00,31.33,0.41,-1,-1,-1
978,458,413.67,361.67,131.33,94.67,0.49,-1,-1,-1
978,456,902.67,256.33,62.67,32.67,0.33,-1,-1,-1
979,453,574.67,273.50,98.67,37.33,0.45,-1,-1,-1
979,458,413.00,362.00,132.00,93.33,0.50,-1,-1,-1
979,456,758.00,257.67,77.33,34.00,0.37,-1,-1,-1
979,460,867.33,256.50,58.67,26.00,0.47,-1,-1,-1
979,455,786.00,259.17,74.67,30.67,0.45,-1,-1,-1
979,459,925.33,256.17,56.00,34.67,0.49,-1,-1,-1
980,453,574.67,273.50,98.67,37.33,0.45,-1,-1,-1
980,458,413.00,362.00,132.00,93.33,0.50,-1,-1,-1
980,456,757.33,257.67,78.67,34.00,0.37,-1,-1,-1
980,460,867.33,256.50,58.67,26.00,0.47,-1,-1,-1
980,455,508.33,263.83,91.33,37.67,0.45,-1,-1,-1
980,459,99.67,271.00,138.83,57.33,0.49,-1,-1,-1
981,453,574.67,273.50,98.67,37.33,0.45,-1,-1,-1
981,458,413.00,362.00,132.00,93.33,0.50,-1,-1,-1
981,456,757.33,257.67,78.67,34.00,0.37,-1,-1,-1
981,460,867.33,256.50,58.67,26.00,0.47,-1,-1,-1
981,455,507.67,263.83,93.33,37.67,0.45,-1,-1,-1
981,459,99.67,271.00,138.83,57.33,0.49,-1,-1,-1
982,453,574.67,273.50,98.67,37.33,0.45,-1,-1,-1
982,458,413.33,362.00,132.00,93.33,0.50,-1,-1,-1
982,456,757.33,257.67,78.67,34.00,0.37,-1,-1,-1
982,460,867.33,256.50,58.67,26.00,0.47,-1,-1,-1
982,455,507.67,263.83,93.33,37.67,0.45,-1,-1,-1
982,459,99.67,271.00,138.83,57.33,0.49,-1,-1,-1
983,453,574.67,273.50,98.67,37.33,0.45,-1,-1,-1
983,458,413.33,362.00,132.00,93.33,0.50,-1,-1,-1
983,456,757.33,257.67,78.67,34.00,0.37,-1,-1,-1
983,460,867.33,256.50,58.67,26.00,0.47,-1,-1,-1
983,455,507.67,263.83,93.33,37.67,0.45,-1,-1,-1
983,459,99.67,271.00,138.83,57.33,0.49,-1,-1,-1
984,453,574.67,273.50,98.67,37.33,0.45,-1,-1,-1
984,458,413.33,362.00,132.00,93.33,0.50,-1,-1,-1
984,456,757.33,257.67,78.67,34.00,0.37,-1,-1,-1
984,460,867.33,256.50,58.67,26.00,0.47,-1,-1,-1
984,455,507.67,263.83,93.33,37.67,0.45,-1,-1,-1
984,459,99.67,271.00,138.83,57.33,0.49,-1,-1,-1
985,453,574.67,273.50,98.67,37.33,0.45,-1,-1,-1
985,458,413.00,361.67,132.00,94.00,0.50,-1,-1,-1
985,456,757.33,257.67,78.67,34.00,0.37,-1,-1,-1
985,460,867.33,256.50,58.67,26.00,0.47,-1,-1,-1
985,455,507.67,263.83,93.33,37.67,0.45,-1,-1,-1
985,459,99.67,271.00,138.83,57.33,0.49,-1,-1,-1
986,453,574.67,273.50,98.67,37.33,0.45,-1,-1,-1
986,458,413.33,362.00,132.00,93.33,0.50,-1,-1,-1
986,456,757.33,257.67,78.67,34.00,0.37,-1,-1,-1
986,460,867.33,256.50,58.67,26.00,0.47,-1,-1,-1
986,455,507.67,263.83,93.33,37.67,0.45,-1,-1,-1
986,459,99.67,271.00,138.83,57.33,0.49,-1,-1,-1
987,453,574.67,273.50,98.67,37.33,0.45,-1,-1,-1
987,458,413.33,362.00,132.00,93.33,0.50,-1,-1,-1
987,456,758.00,257.67,77.33,34.00,0.37,-1,-1,-1
987,460,867.33,256.50,58.67,26.00,0.47,-1,-1,-1
987,455,507.67,263.83,93.33,37.67,0.45,-1,-1,-1
987,459,99.67,271.00,138.83,57.33,0.49,-1,-1,-1
988,453,574.67,273.50,98.67,37.33,0.45,-1,-1,-1
988,458,413.33,362.00,132.00,93.33,0.50,-1,-1,-1
988,456,758.00,257.67,77.33,34.00,0.37,-1,-1,-1
988,460,867.33,256.50,58.67,26.00,0.47,-1,-1,-1
988,455,507.67,263.83,93.33,37.67,0.45,-1,-1,-1
988,459,99.67,271.00,138.83,57.33,0.49,-1,-1,-1
989,453,545.67,274.17,100.67,38.00,0.45,-1,-1,-1
989,458,413.33,361.67,132.00,94.00,0.50,-1,-1,-1
989,456,716.00,256.33,101.33,35.33,0.42,-1,-1,-1
989,460,860.00,256.00,60.00,27.00,0.46,-1,-1,-1
989,455,467.67,265.50,99.33,37.67,0.44,-1,-1,-1
989,459,13.83,273.00,143.00,59.67,0.48,-1,-1,-1
990,453,466.33,278.00,102.00,44.00,0.47,-1,-1,-1
990,458,413.33,362.00,132.00,94.00,0.49,-1,-1,-1
990,456,651.67,259.00,97.67,36.33,0.42,-1,-1,-1
990,460,838.00,256.50,61.33,27.00,0.48,-1,-1,-1
990,455,319.33,268.00,106.67,42.67,0.47,-1,-1,-1
991,453,407.67,284.33,94.00,45.33,0.48,-1,-1,-1
991,458,413.67,362.00,131.33,94.00,0.49,-1,-1,-1
991,456,537.67,260.00,97.33,40.33,0.48,-1,-1,-1
991,460,817.33,257.00,62.67,27.33,0.48,-1,-1,-1
991,455,124.83,274.50,117.00,44.67,0.46,-1,-1,-1
991,454,744.00,259.83,84.00,31.33,0.47,-1,-1,-1
992,458,413.33,362.67,132.00,93.33,0.49,-1,-1,-1
992,456,382.00,262.00,106.67,41.67,0.47,-1,-1,-1
992,460,783.33,257.33,64.00,28.33,0.49,-1,-1,-1
992,454,598.00,256.83,86.67,30.67,0.46,-1,-1,-1
992,461,383.00,292.33,74.67,46.33,0.48,-1,-1,-1
993,458,413.67,363.00,131.33,92.67,0.49,-1,-1,-1
993,456,178.33,268.83,116.67,46.00,0.46,-1,-1,-1
993,460,730.67,258.00,66.67,29.67,0.47,-1,-1,-1
993,454,540.67,255.00,84.67,32.00,0.48,-1,-1,-1
993,461,392.00,299.00,63.33,59.33,0.47,-1,-1,-1
993,462,918.67,255.67,64.00,30.00,0.49,-1,-1,-1
994,458,413.00,364.00,132.00,94.67,0.48,-1,-1,-1
994,460,661.67,258.50,72.33,31.33,0.49,-1,-1,-1
994,461,407.00,310.33,91.33,55.67,0.49,-1,-1,-1
994,463,483.00,252.67,78.00,31.00,0.48,-1,-1,-1
994,464,790.67,257.67,74.67,33.33,0.48,-1,-1,-1
994,465,0.35,275.50,48.81,50.67,0.45,-1,-1,-1
995,458,413.00,363.33,132.00,94.67,0.48,-1,-1,-1
995,460,573.67,260.33,72.00,32.67,0.42,-1,-1,-1
995,466,627.00,259.50,82.33,38.33,0.49,-1,-1,-1
995,467,433.33,318.67,110.67,64.00,0.48,-1,-1,-1
995,468,437.00,248.50,62.00,29.67,0.46,-1,-1,-1
996,458,413.33,363.00,130.67,93.33,0.48,-1,-1,-1
996,467,466.33,330.67,120.67,74.00,0.46,-1,-1,-1
996,469,399.00,264.50,100.00,41.00,0.45,-1,-1,-1
996,470,398.67,242.83,48.67,27.33,0.42,-1,-1,-1
997,458,413.67,362.33,130.00,94.00,0.49,-1,-1,-1
997,467,501.67,340.67,128.67,80.00,0.48,-1,-1,-1
997,471,330.33,263.83,88.00,35.00,0.48,-1,-1,-1
997,472,105.33,272.33,118.17,46.67,0.47,-1,-1,-1
998,458,413.33,361.33,132.00,96.67,0.48,-1,-1,-1
998,467,526.33,349.33,139.33,82.00,0.49,-1,-1,-1
998,472,85.83,270.33,87.33,39.00,0.40,-1,-1,-1
999,458,413.33,361.67,132.00,95.33,0.48,-1,-1,-1
999,467,526.67,349.00,139.33,84.00,0.48,-1,-1,-1
1000,458,413.33,361.67,132.00,95.33,0.48,-1,-1,-1
1000,467,526.67,348.67,139.33,84.00,0.48,-1,-1,-1
1001,458,413.33,361.33,132.00,96.67,0.48,-1,-1,-1
1001,467,526.67,348.67,139.33,83.33,0.48,-1,-1,-1
1002,458,413.33,361.33,132.00,96.67,0.48,-1,-1,-1
1002,467,526.67,348.67,139.33,83.33,0.48,-1,-1,-1
1003,458,413.33,361.33,132.00,96.00,0.48,-1,-1,-1
1003,467,526.67,348.67,139.33,83.33,0.48,-1,-1,-1
1003,473,819.33,573.67,358.67,146.33,0.46,-1,-1,-1
1004,458,413.33,361.33,132.00,96.00,0.48,-1,-1,-1
1004,467,526.67,348.67,139.33,83.33,0.48,-1,-1,-1
1004,473,819.33,573.67,358.67,146.33,0.46,-1,-1,-1
1005,458,413.67,361.00,131.33,96.00,0.48,-1,-1,-1
1005,467,526.00,349.33,140.00,82.67,0.49,-1,-1,-1
1005,474,1022.67,520.00,256.00,177.33,0.48,-1,-1,-1
1006,458,413.67,361.00,131.33,96.00,0.48,-1,-1,-1
1006,467,526.00,349.33,140.00,82.67,0.49,-1,-1,-1
1006,474,1022.67,520.00,256.00,177.33,0.48,-1,-1,-1
1007,458,413.67,361.33,131.33,96.00,0.48,-1,-1,-1
1007,467,526.67,349.00,139.33,83.33,0.48,-1,-1,-1
1008,458,413.67,361.33,131.33,96.00,0.48,-1,-1,-1
1008,467,526.67,349.00,139.33,83.33,0.48,-1,-1,-1
1009,458,426.00,368.33,135.33,96.00,0.52,-1,-1,-1
1009,467,532.00,352.00,141.33,82.00,0.50,-1,-1,-1
1010,458,425.67,368.33,135.33,96.00,0.52,-1,-1,-1
1010,467,531.67,352.00,141.33,82.00,0.50,-1,-1,-1
1011,458,543.33,430.33,195.33,130.67,0.48,-1,-1,-1
1011,467,572.00,366.67,152.67,80.67,0.49,-1,-1,-1
1012,458,543.33,430.33,195.33,130.67,0.48,-1,-1,-1
1012,467,572.00,366.67,152.67,80.67,0.49,-1,-1,-1
1013,467,726.67,425.67,217.33,127.33,0.47,-1,-1,-1
1014,467,726.67,425.67,217.33,127.33,0.47,-1,-1,-1
1015,475,197.83,264.00,49.67,36.67,0.45,-1,-1,-1
1016,475,197.83,264.00,49.67,36.67,0.45,-1,-1,-1
1017,475,240.83,283.67,65.67,48.33,0.47,-1,-1,-1
1018,475,240.83,283.67,65.67,48.33,0.47,-1,-1,-1
1019,467,726.67,425.67,217.33,127.33,0.49,-1,-1,-1
1020,467,328.00,333.00,103.33,74.00,0.49,-1,-1,-1
1021,476,605.00,491.67,271.00,185.33,0.49,-1,-1,-1
1021,477,794.00,324.83,122.67,59.17,0.49,-1,-1,-1
1022,476,605.00,491.67,271.00,185.33,0.49,-1,-1,-1
1022,477,794.00,324.83,122.67,59.17,0.49,-1,-1,-1
1023,478,554.67,276.00,72.00,40.00,0.49,-1,-1,-1
1024,478,554.67,276.00,72.00,40.00,0.49,-1,-1,-1
1025,479,418.67,250.00,47.33,29.33,0.47,-1,-1,-1
1026,479,418.67,250.00,47.33,29.33,0.47,-1,-1,-1
1033,480,380.33,345.67,133.33,104.67,0.51,-1,-1,-1
1034,480,380.33,345.67,133.33,104.67,0.51,-1,-1,-1
1035,477,794.00,324.83,122.67,59.17,0.48,-1,-1,-1
1036,477,818.00,355.00,158.67,78.00,0.48,-1,-1,-1
1037,478,554.67,276.00,72.00,40.00,0.49,-1,-1,-1
1038,478,426.00,262.50,60.00,35.67,0.49,-1,-1,-1
1039,478,426.00,262.50,60.00,35.67,0.49,-1,-1,-1
1040,481,746.67,333.17,114.67,63.83,0.50,-1,-1,-1
1040,482,930.00,262.50,53.33,30.67,0.44,-1,-1,-1
1041,481,746.67,333.17,114.67,63.83,0.50,-1,-1,-1
1041,482,930.00,262.50,53.33,30.67,0.44,-1,-1,-1
1042,482,828.67,265.17,78.67,31.33,0.49,-1,-1,-1
1042,483,416.67,258.67,50.67,33.67,0.50,-1,-1,-1
1043,482,828.67,265.17,78.67,31.33,0.49,-1,-1,-1
1043,483,416.67,258.67,50.67,33.67,0.50,-1,-1,-1
1044,482,790.00,263.33,80.00,35.67,0.46,-1,-1,-1
1044,484,713.33,236.00,85.33,50.67,0.44,-1,-1,-1
1045,482,790.00,263.33,80.00,35.67,0.46,-1,-1,-1
1045,484,713.33,236.00,85.33,50.67,0.44,-1,-1,-1
1046,482,790.00,263.33,80.00,35.67,0.46,-1,-1,-1
1046,484,713.33,236.00,85.33,50.67,0.44,-1,-1,-1
1047,482,790.00,263.33,80.00,35.67,0.46,-1,-1,-1
1047,484,713.33,236.00,85.33,50.67,0.44,-1,-1,-1
1048,482,790.00,263.33,80.00,35.67,0.46,-1,-1,-1
1048,484,713.33,236.00,85.33,50.67,0.44,-1,-1,-1
1049,482,790.00,263.33,80.00,35.67,0.46,-1,-1,-1
1049,484,713.33,236.00,85.33,50.67,0.44,-1,-1,-1
1050,482,790.67,263.17,80.00,36.00,0.46,-1,-1,-1
1050,484,713.33,235.83,85.33,50.67,0.44,-1,-1,-1
1051,482,790.67,263.17,80.00,36.00,0.46,-1,-1,-1
1051,484,713.33,235.83,85.33,50.67,0.44,-1,-1,-1
1052,482,790.67,263.17,80.00,36.00,0.46,-1,-1,-1
1052,484,713.33,235.83,85.33,50.67,0.44,-1,-1,-1
1053,482,790.67,263.17,80.00,36.00,0.46,-1,-1,-1
1053,484,713.33,235.83,85.33,50.67,0.44,-1,-1,-1
1054,482,790.67,263.17,80.00,36.33,0.46,-1,-1,-1
1054,484,713.33,235.67,86.67,51.00,0.43,-1,-1,-1
1055,482,790.67,263.83,80.00,35.33,0.46,-1,-1,-1
1055,484,712.67,236.00,86.67,50.67,0.43,-1,-1,-1
1056,482,789.33,263.67,81.33,35.67,0.45,-1,-1,-1
1056,484,713.33,235.00,86.67,51.67,0.44,-1,-1,-1
1057,482,790.67,263.33,80.00,36.33,0.45,-1,-1,-1
1057,484,712.67,235.50,89.33,51.00,0.41,-1,-1,-1
1058,482,790.67,263.67,80.00,36.00,0.44,-1,-1,-1
1058,484,712.00,235.83,94.67,51.00,0.40,-1,-1,-1
1059,482,789.33,263.33,81.33,36.33,0.44,-1,-1,-1
1059,484,712.00,235.33,96.00,51.33,0.41,-1,-1,-1
1060,482,789.33,263.50,81.33,36.33,0.44,-1,-1,-1
1060,484,712.67,235.67,94.67,51.00,0.40,-1,-1,-1
1061,482,790.67,263.67,80.00,36.00,0.44,-1,-1,-1
1061,484,712.67,236.00,93.33,50.67,0.39,-1,-1,-1
1062,482,790.67,263.50,80.00,36.33,0.44,-1,-1,-1
1062,484,712.67,235.67,93.33,51.33,0.41,-1,-1,-1
1063,482,790.67,264.00,80.00,35.67,0.45,-1,-1,-1
1063,484,712.67,236.67,88.00,50.00,0.41,-1,-1,-1
1064,482,790.67,264.17,80.00,35.67,0.45,-1,-1,-1
1064,484,713.33,236.33,88.00,50.33,0.41,-1,-1,-1
1065,482,791.33,264.00,80.00,35.67,0.44,-1,-1,-1
1065,484,712.67,235.83,89.33,51.00,0.43,-1,-1,-1
1066,482,786.67,264.83,81.33,34.67,0.46,-1,-1,-1
1066,484,713.33,235.67,88.00,51.00,0.42,-1,-1,-1
1067,482,786.67,264.83,81.33,34.67,0.46,-1,-1,-1
1067,484,713.33,235.67,88.00,51.00,0.42,-1,-1,-1
1068,482,760.00,265.83,78.67,35.00,0.44,-1,-1,-1
1068,484,710.67,237.00,66.67,50.00,0.35,-1,-1,-1
1068,485,808.00,257.50,58.67,31.33,0.43,-1,-1,-1
1069,482,760.00,265.83,78.67,35.00,0.44,-1,-1,-1
1069,484,711.33,236.83,66.67,50.00,0.35,-1,-1,-1
1069,485,808.00,257.50,58.67,31.33,0.43,-1,-1,-1
1070,482,638.00,268.33,96.00,40.67,0.46,-1,-1,-1
1070,484,638.33,237.00,95.00,58.33,0.34,-1,-1,-1
1070,485,778.00,257.83,77.33,33.33,0.49,-1,-1,-1
1071,482,638.00,268.33,96.00,40.67,0.46,-1,-1,-1
1071,484,638.33,237.00,95.00,58.67,0.34,-1,-1,-1
1071,485,778.00,257.83,77.33,33.33,0.49,-1,-1,-1
1072,482,463.33,272.00,104.00,47.00,0.46,-1,-1,-1
1072,484,464.67,237.83,102.00,48.67,0.34,-1,-1,-1
1072,485,729.33,258.00,82.67,35.00,0.48,-1,-1,-1
1073,482,463.33,272.00,104.00,47.00,0.46,-1,-1,-1
1073,484,464.67,237.83,102.00,48.67,0.34,-1,-1,-1
1073,485,729.33,258.00,82.67,35.00,0.48,-1,-1,-1
1074,484,218.00,240.33,112.33,63.33,0.46,-1,-1,-1
1074,485,614.33,260.00,88.33,37.00,0.47,-1,-1,-1
1074,486,357.67,284.17,83.33,63.50,0.49,-1,-1,-1
1074,487,1091.33,544.67,188.00,171.33,0.48,-1,-1,-1
1074,488,899.33,226.67,84.00,55.33,0.43,-1,-1,-1
1075,484,218.00,240.33,112.33,63.33,0.46,-1,-1,-1
1075,485,614.33,260.00,88.33,37.00,0.47,-1,-1,-1
1075,486,357.67,284.17,83.33,63.17,0.49,-1,-1,-1
1075,487,1091.33,544.67,188.00,171.33,0.48,-1,-1,-1
1075,488,899.33,226.67,84.00,55.33,0.43,-1,-1,-1
1076,485,409.33,264.33,102.67,39.00,0.46,-1,-1,-1
1076,486,371.33,305.00,85.33,82.67,0.48,-1,-1,-1
1076,488,796.00,225.33,158.67,58.00,0.42,-1,-1,-1
1076,489,1080.67,447.33,198.67,112.67,0.47,-1,-1,-1
1077,485,409.33,264.33,102.67,39.00,0.46,-1,-1,-1
1077,486,371.00,304.83,86.00,82.83,0.49,-1,-1,-1
1077,488,796.00,225.33,158.67,58.00,0.42,-1,-1,-1
1077,489,1080.00,447.33,198.67,112.67,0.47,-1,-1,-1
1078,485,66.29,272.83,117.71,46.00,0.45,-1,-1,-1
1078,486,427.00,333.33,125.33,97.33,0.49,-1,-1,-1
1078,488,658.67,224.00,188.00,63.67,0.42,-1,-1,-1
1079,485,66.29,272.83,117.71,46.00,0.45,-1,-1,-1
1079,486,427.00,333.33,125.33,97.33,0.49,-1,-1,-1
1079,488,658.67,224.00,188.00,63.67,0.42,-1,-1,-1
1080,486,470.67,356.00,146.67,109.33,0.48,-1,-1,-1
1080,488,467.00,223.50,215.67,71.67,0.46,-1,-1,-1
1080,490,816.00,262.17,72.00,29.67,0.47,-1,-1,-1
1081,486,470.67,356.00,146.67,109.33,0.48,-1,-1,-1
1081,488,467.00,223.50,215.67,71.67,0.46,-1,-1,-1
1081,490,816.00,262.17,72.00,29.67,0.47,-1,-1,-1
1082,486,479.33,360.00,158.00,114.67,0.50,-1,-1,-1
1082,488,186.33,223.33,257.00,85.33,0.47,-1,-1,-1
1082,491,329.83,273.67,104.50,36.00,0.42,-1,-1,-1
1083,486,479.33,360.00,158.00,114.67,0.50,-1,-1,-1
1083,488,186.33,223.33,257.00,85.33,0.47,-1,-1,-1
1083,491,329.83,273.67,104.50,36.00,0.42,-1,-1,-1
1084,486,479.67,360.33,158.00,114.67,0.50,-1,-1,-1
1084,488,0.00,228.83,75.67,103.00,0.29,-1,-1,-1
1084,492,654.00,465.33,281.33,159.33,0.49,-1,-1,-1
1084,493,702.67,269.67,84.00,34.33,0.43,-1,-1,-1
1084,490,816.00,262.17,72.00,29.67,0.49,-1,-1,-1
1085,486,479.67,360.33,158.00,114.67,0.50,-1,-1,-1
1085,488,0.00,228.83,75.54,103.00,0.29,-1,-1,-1
1085,492,654.00,465.33,281.33,159.33,0.49,-1,-1,-1
1085,493,702.67,269.67,84.00,34.33,0.43,-1,-1,-1
1085,490,876.67,259.67,69.33,28.33,0.49,-1,-1,-1
1086,486,479.33,360.33,157.33,114.67,0.50,-1,-1,-1
1086,494,920.00,360.67,102.67,97.33,0.49,-1,-1,-1
1086,495,459.67,273.33,101.33,48.67,0.47,-1,-1,-1
1087,486,479.33,360.33,157.33,114.67,0.50,-1,-1,-1
1087,494,920.00,360.33,102.67,98.00,0.49,-1,-1,-1
1087,493,702.67,269.67,84.00,34.33,0.47,-1,-1,-1
1088,486,480.00,360.00,158.00,114.67,0.50,-1,-1,-1
1088,496,346.33,293.17,79.33,59.17,0.48,-1,-1,-1
1088,492,654.00,465.33,281.33,159.33,0.50,-1,-1,-1
1089,486,480.00,360.00,158.00,114.67,0.50,-1,-1,-1
1089,496,346.33,293.17,79.33,59.17,0.48,-1,-1,-1
1089,492,746.00,309.50,118.67,74.17,0.50,-1,-1,-1
1090,486,479.33,360.33,158.00,114.67,0.50,-1,-1,-1
1090,496,366.00,316.67,95.33,72.67,0.50,-1,-1,-1
1090,492,650.00,292.00,102.67,61.33,0.49,-1,-1,-1
1090,485,66.29,272.83,117.71,46.00,0.45,-1,-1,-1
1091,486,479.33,360.33,158.00,114.67,0.50,-1,-1,-1
1091,496,366.00,316.67,95.33,72.67,0.50,-1,-1,-1
1091,492,650.00,292.00,102.67,61.33,0.49,-1,-1,-1
1091,485,760.00,256.67,78.67,34.33,0.45,-1,-1,-1
1092,486,483.67,360.00,154.00,114.67,0.51,-1,-1,-1
1092,496,399.33,331.67,98.67,75.33,0.48,-1,-1,-1
1092,492,619.67,283.17,107.00,61.17,0.49,-1,-1,-1
1092,485,227.00,265.00,116.00,46.33,0.46,-1,-1,-1
1092,497,792.00,258.33,68.00,26.33,0.48,-1,-1,-1
1093,486,483.67,360.00,154.00,114.67,0.51,-1,-1,-1
1093,496,399.33,331.67,98.67,75.33,0.48,-1,-1,-1
1093,492,619.67,283.17,107.00,61.17,0.49,-1,-1,-1
1093,485,227.00,265.00,116.00,46.33,0.46,-1,-1,-1
1093,497,792.00,258.33,68.00,26.33,0.48,-1,-1,-1
1094,486,502.00,372.33,166.00,118.67,0.48,-1,-1,-1
1094,496,400.67,332.67,110.00,80.00,0.49,-1,-1,-1
1094,492,593.33,280.50,90.67,57.00,0.48,-1,-1,-1
1094,498,289.67,267.67,100.67,35.33,0.44,-1,-1,-1
1095,486,502.00,372.33,166.00,118.67,0.48,-1,-1,-1
1095,496,400.67,332.00,110.00,80.00,0.50,-1,-1,-1
1095,492,593.33,280.50,90.67,57.00,0.48,-1,-1,-1
1095,498,289.83,267.50,100.17,35.33,0.44,-1,-1,-1
1096,486,698.00,442.33,272.00,185.33,0.48,-1,-1,-1
1096,496,416.67,340.33,117.33,86.67,0.50,-1,-1,-1
1096,492,510.67,265.50,74.00,48.00,0.50,-1,-1,-1
1096,499,874.00,268.83,70.67,27.00,0.49,-1,-1,-1
1097,486,698.00,442.33,272.00,185.33,0.48,-1,-1,-1
1097,496,416.67,340.33,117.33,86.67,0.50,-1,-1,-1
1097,492,510.67,265.50,74.00,48.00,0.50,-1,-1,-1
1097,499,874.00,268.83,70.67,27.00,0.49,-1,-1,-1
1098,496,541.33,405.33,178.67,117.33,0.49,-1,-1,-1
1098,492,408.00,247.33,56.00,39.00,0.49,-1,-1,-1
1098,499,844.67,269.67,74.67,27.00,0.48,-1,-1,-1
1099,496,541.33,405.33,178.67,117.33,0.49,-1,-1,-1
1099,492,408.00,247.33,56.00,39.00,0.49,-1,-1,-1
1099,499,844.67,269.67,74.67,27.00,0.48,-1,-1,-1
1100,492,327.83,233.83,39.17,29.33,0.24,-1,-1,-1
1100,499,842.67,269.83,74.67,27.00,0.49,-1,-1,-1
1100,500,0.00,267.50,55.08,36.33,0.49,-1,-1,-1
1100,501,217.83,277.33,55.67,42.67,0.47,-1,-1,-1
1101,492,327.83,233.83,39.17,29.33,0.24,-1,-1,-1
1101,499,842.67,269.83,74.67,27.00,0.49,-1,-1,-1
1101,500,0.00,267.50,55.08,36.33,0.49,-1,-1,-1
1101,501,217.83,277.33,55.67,42.67,0.47,-1,-1,-1
1102,499,843.33,269.67,74.67,27.00,0.49,-1,-1,-1
1102,502,301.00,320.83,90.00,67.17,0.49,-1,-1,-1
1103,499,843.33,269.67,74.67,27.00,0.49,-1,-1,-1
1103,502,301.00,320.83,90.00,67.17,0.49,-1,-1,-1
1104,499,843.33,270.00,74.67,27.00,0.48,-1,-1,-1
1104,503,587.67,488.00,249.67,172.00,0.49,-1,-1,-1
1105,499,843.33,270.00,74.67,27.00,0.48,-1,-1,-1
1105,503,587.67,488.00,249.67,172.00,0.49,-1,-1,-1
1106,499,844.00,270.00,74.67,27.00,0.48,-1,-1,-1
1107,499,844.00,270.00,74.67,27.00,0.48,-1,-1,-1
1108,499,843.33,270.17,74.67,26.67,0.48,-1,-1,-1
1109,499,843.33,270.17,74.67,26.67,0.48,-1,-1,-1
1110,499,842.67,270.17,74.67,27.00,0.49,-1,-1,-1
1111,499,842.67,270.17,74.67,27.00,0.49,-1,-1,-1
1112,499,843.33,269.83,74.67,27.00,0.48,-1,-1,-1
1113,499,843.33,269.83,74.67,27.00,0.48,-1,-1,-1
1114,499,843.33,269.83,74.67,26.67,0.48,-1,-1,-1
1115,499,843.33,269.83,74.67,26.67,0.48,-1,-1,-1
1116,499,843.33,270.00,74.67,26.67,0.48,-1,-1,-1
1117,499,843.33,270.00,74.67,26.67,0.48,-1,-1,-1
1118,499,844.00,269.83,74.67,26.67,0.48,-1,-1,-1
1119,499,844.00,269.83,74.67,26.67,0.48,-1,-1,-1
1120,499,843.33,270.50,74.67,26.33,0.48,-1,-1,-1
1120,504,911.33,260.17,69.33,31.33,0.47,-1,-1,-1
1121,499,843.33,270.50,74.67,26.33,0.48,-1,-1,-1
1121,504,911.33,260.17,69.33,31.33,0.47,-1,-1,-1
1122,499,846.00,270.00,72.00,26.67,0.43,-1,-1,-1
1122,504,806.00,261.83,73.33,33.00,0.44,-1,-1,-1
1122,505,617.00,303.67,92.33,54.00,0.48,-1,-1,-1
1122,506,692.00,293.00,82.67,56.33,0.44,-1,-1,-1
1123,499,846.00,270.00,72.00,26.67,0.43,-1,-1,-1
1123,504,806.00,261.83,73.33,33.00,0.44,-1,-1,-1
1123,505,617.00,303.67,92.33,54.00,0.48,-1,-1,-1
1123,506,692.00,293.00,82.67,56.33,0.44,-1,-1,-1
1124,499,846.67,270.33,70.67,26.00,0.45,-1,-1,-1
1124,504,786.67,261.67,77.33,34.33,0.49,-1,-1,-1
1124,507,1118.67,430.00,161.33,102.00,0.47,-1,-1,-1
1125,499,846.67,270.33,70.67,26.00,0.45,-1,-1,-1
1125,504,786.67,261.67,77.33,34.33,0.49,-1,-1,-1
1125,507,1118.67,430.00,161.33,102.00,0.47,-1,-1,-1
1126,499,846.67,270.50,70.67,26.00,0.46,-1,-1,-1
1126,504,786.67,261.83,77.33,34.33,0.49,-1,-1,-1
1126,508,501.67,279.83,79.33,41.67,0.49,-1,-1,-1
1127,499,846.67,270.50,70.67,26.00,0.46,-1,-1,-1
1127,504,786.67,261.83,77.33,34.33,0.49,-1,-1,-1
1127,508,501.67,279.83,79.33,41.67,0.49,-1,-1,-1
1128,499,848.67,270.00,69.33,26.00,0.45,-1,-1,-1
1128,504,798.00,262.17,66.67,32.33,0.43,-1,-1,-1
1128,509,710.00,290.17,146.67,103.83,0.51,-1,-1,-1
1129,499,848.67,270.17,69.33,26.00,0.45,-1,-1,-1
1129,504,798.00,262.17,66.67,32.33,0.43,-1,-1,-1
1129,509,710.00,290.00,146.67,104.00,0.51,-1,-1,-1
1130,499,846.00,270.50,72.00,26.00,0.45,-1,-1,-1
1130,504,786.00,261.83,78.67,34.33,0.49,-1,-1,-1
1130,509,402.67,235.50,60.00,53.67,0.50,-1,-1,-1
1131,510,309.67,191.67,64.00,61.00,0.46,-1,-1,-1
1131,511,296.83,236.33,73.83,66.33,0.45,-1,-1,-1
1132,510,309.83,191.83,63.83,60.00,0.46,-1,-1,-1
1132,511,296.67,236.33,73.67,66.33,0.45,-1,-1,-1
1133,510,309.67,192.00,64.00,59.67,0.46,-1,-1,-1
1133,511,295.83,236.00,74.50,66.67,0.44,-1,-1,-1
1134,510,309.67,191.83,64.00,60.00,0.47,-1,-1,-1
1134,511,296.33,236.33,74.33,66.00,0.45,-1,-1,-1
1135,510,309.67,192.00,64.00,60.33,0.46,-1,-1,-1
1135,511,296.33,236.17,74.67,66.33,0.45,-1,-1,-1
1136,510,309.50,192.00,64.50,60.00,0.46,-1,-1,-1
1136,511,296.67,236.33,74.00,66.00,0.45,-1,-1,-1
1137,510,309.67,192.00,64.00,60.33,0.46,-1,-1,-1
1137,511,295.67,236.33,75.00,67.33,0.44,-1,-1,-1
1138,510,309.67,192.00,64.00,60.33,0.46,-1,-1,-1
1138,511,296.00,236.33,74.67,67.00,0.44,-1,-1,-1
1139,510,310.50,192.00,62.83,60.00,0.46,-1,-1,-1
1139,511,296.67,236.50,74.33,66.00,0.45,-1,-1,-1
1140,510,310.17,192.00,63.17,60.00,0.46,-1,-1,-1
1140,511,296.50,235.83,74.50,69.33,0.45,-1,-1,-1
1141,510,309.83,191.50,63.83,60.00,0.46,-1,-1,-1
1141,511,296.50,235.50,74.17,69.67,0.45,-1,-1,-1
1141,512,469.33,148.67,82.00,28.33,0.48,-1,-1,-1
1141,513,923.33,148.92,65.33,26.58,0.42,-1,-1,-1
1142,510,310.17,191.50,63.17,59.67,0.46,-1,-1,-1
1142,511,296.33,235.33,74.33,70.00,0.45,-1,-1,-1
1142,514,111.17,152.42,82.67,30.75,0.44,-1,-1,-1
1142,515,752.00,146.17,58.67,25.67,0.42,-1,-1,-1
1143,510,310.67,191.67,62.67,59.67,0.46,-1,-1,-1
1143,511,296.67,236.00,74.00,66.67,0.45,-1,-1,-1
1143,516,558.00,145.83,83.33,27.67,0.44,-1,-1,-1
1144,510,310.33,191.83,63.33,59.67,0.46,-1,-1,-1
1144,511,296.67,236.17,74.33,66.00,0.45,-1,-1,-1
1144,517,348.67,147.17,84.00,28.33,0.47,-1,-1,-1
1145,510,310.17,191.67,63.17,60.00,0.46,-1,-1,-1
1145,511,296.33,236.00,74.67,66.67,0.45,-1,-1,-1
1146,510,309.83,191.83,63.83,59.33,0.46,-1,-1,-1
1146,511,296.00,235.50,74.67,69.00,0.46,-1,-1,-1
1147,510,309.83,191.67,64.17,60.00,0.46,-1,-1,-1
1147,511,296.33,235.83,74.00,66.67,0.44,-1,-1,-1
1148,510,309.50,191.83,64.50,60.33,0.46,-1,-1,-1
1148,511,296.17,236.00,74.50,69.00,0.46,-1,-1,-1
1148,518,641.00,144.75,74.33,29.25,0.46,-1,-1,-1
1149,510,309.00,192.00,64.67,60.00,0.46,-1,-1,-1
1149,511,296.50,236.00,74.50,67.33,0.44,-1,-1,-1
1149,519,424.67,145.67,76.67,30.17,0.48,-1,-1,-1
1150,510,309.17,191.83,64.50,59.67,0.47,-1,-1,-1
1150,511,296.33,236.33,74.67,67.00,0.45,-1,-1,-1
1150,520,205.67,146.92,77.67,32.08,0.47,-1,-1,-1
1151,510,309.00,192.00,64.67,60.00,0.46,-1,-1,-1
1151,511,296.33,236.00,74.33,66.67,0.44,-1,-1,-1
1152,510,309.50,191.83,64.17,60.00,0.46,-1,-1,-1
1152,511,296.00,236.00,74.67,66.67,0.44,-1,-1,-1
1153,510,309.00,192.00,64.67,60.00,0.46,-1,-1,-1
1153,511,296.67,237.67,74.00,71.67,0.47,-1,-1,-1
1154,510,309.00,192.00,64.67,62.67,0.47,-1,-1,-1
1154,511,301.00,247.17,83.33,81.00,0.49,-1,-1,-1
1155,510,308.50,194.17,65.50,67.00,0.49,-1,-1,-1
1155,511,313.00,265.00,116.00,85.67,0.48,-1,-1,-1
1156,510,302.50,199.33,70.83,66.67,0.49,-1,-1,-1
1156,521,362.00,288.17,178.00,100.50,0.46,-1,-1,-1
1157,510,294.83,207.67,75.17,72.00,0.49,-1,-1,-1
1157,522,501.33,318.83,250.67,116.17,0.48,-1,-1,-1
1158,510,283.33,222.83,81.33,77.00,0.49,-1,-1,-1
1158,523,784.67,351.67,296.00,120.67,0.49,-1,-1,-1
1159,510,275.00,241.00,86.67,96.33,0.48,-1,-1,-1
1159,524,1154.67,375.33,125.33,114.67,0.47,-1,-1,-1
1160,510,281.67,263.00,120.67,114.33,0.44,-1,-1,-1
1161,525,319.50,290.67,191.17,140.67,0.49,-1,-1,-1
1162,526,455.33,327.33,287.33,163.33,0.49,-1,-1,-1
1163,527,756.67,366.00,340.00,168.67,0.50,-1,-1,-1
1164,528,1156.00,388.00,122.67,165.33,0.42,-1,-1,-1
1180,529,689.33,142.08,81.33,30.92,0.48,-1,-1,-1
1181,530,603.33,143.33,83.33,32.33,0.48,-1,-1,-1
1182,531,481.67,144.25,85.33,32.25,0.45,-1,-1,-1
1183,532,324.33,145.67,88.00,32.83,0.46,-1,-1,-1
1184,533,143.67,149.00,84.00,33.17,0.46,-1,-1,-1
1184,534,922.00,148.50,52.00,28.17,0.40,-1,-1,-1
1186,535,659.33,147.83,85.33,34.33,0.45,-1,-1,-1
1187,536,558.00,147.83,90.00,35.33,0.46,-1,-1,-1
1188,537,466.33,148.67,92.67,37.67,0.46,-1,-1,-1
1189,538,396.00,150.83,90.67,40.00,0.47,-1,-1,-1
1190,539,352.67,154.92,80.67,43.42,0.48,-1,-1,-1
1191,539,332.67,158.58,65.33,50.25,0.48,-1,-1,-1
1192,540,324.50,168.17,56.17,51.33,0.47,-1,-1,-1
1193,540,320.17,173.67,56.50,57.33,0.48,-1,-1,-1
1194,540,314.83,182.17,59.83,62.33,0.48,-1,-1,-1
1195,540,307.50,192.50,65.17,68.33,0.49,-1,-1,-1
1195,541,718.67,149.92,72.00,31.08,0.42,-1,-1,-1
1196,540,296.83,206.17,73.83,74.67,0.49,-1,-1,-1
1196,542,64.50,375.33,362.83,155.33,0.49,-1,-1,-1
1196,543,516.00,148.67,92.00,32.17,0.45,-1,-1,-1
1197,540,289.50,218.67,79.50,79.00,0.50,-1,-1,-1
1197,544,984.00,365.00,294.67,143.33,0.49,-1,-1,-1
1197,545,259.17,148.75,80.67,28.92,0.46,-1,-1,-1
1197,546,323.67,153.25,83.33,30.08,0.44,-1,-1,-1
1198,540,282.33,228.67,84.00,89.67,0.47,-1,-1,-1
1198,547,110.50,157.83,88.67,30.00,0.44,-1,-1,-1
1199,540,277.33,233.67,89.00,94.67,0.49,-1,-1,-1
1199,548,234.67,338.00,329.33,132.67,0.50,-1,-1,-1
1199,549,501.33,432.00,393.33,156.67,0.42,-1,-1,-1
1200,540,275.33,234.83,90.00,95.00,0.49,-1,-1,-1
1200,550,1213.33,333.67,66.67,108.67,0.42,-1,-1,-1
1201,540,275.67,235.00,89.33,93.33,0.49,-1,-1,-1
1201,551,0.42,487.67,167.33,182.67,0.43,-1,-1,-1
1202,540,275.67,235.00,89.00,93.33,0.49,-1,-1,-1
1202,552,818.00,474.67,397.33,178.00,0.43,-1,-1,-1
1203,540,275.83,234.67,88.83,93.33,0.48,-1,-1,-1
1203,553,513.67,358.67,338.33,146.00,0.48,-1,-1,-1
1204,540,276.17,234.67,88.50,93.33,0.48,-1,-1,-1
1205,540,276.00,234.67,88.67,93.33,0.48,-1,-1,-1
1206,540,275.83,234.67,88.83,93.67,0.49,-1,-1,-1
1207,540,275.83,235.00,88.83,93.33,0.48,-1,-1,-1
1208,540,276.00,234.67,88.67,94.00,0.48,-1,-1,-1
1209,540,276.00,234.50,88.67,94.33,0.49,-1,-1,-1
1210,540,276.00,234.67,88.33,94.00,0.49,-1,-1,-1
1211,540,274.67,236.00,90.67,93.33,0.49,-1,-1,-1
1212,540,275.33,235.00,89.33,93.67,0.49,-1,-1,-1
1213,540,275.33,235.33,89.67,93.67,0.49,-1,-1,-1
1214,540,275.67,235.00,89.00,94.00,0.49,-1,-1,-1
1215,540,276.67,235.83,88.67,93.00,0.49,-1,-1,-1
1216,540,276.33,234.67,88.33,94.00,0.49,-1,-1,-1
1217,540,275.83,234.67,88.83,93.67,0.49,-1,-1,-1
1217,554,541.67,149.58,89.33,28.75,0.45,-1,-1,-1
1218,540,275.67,235.00,88.67,93.67,0.49,-1,-1,-1
1218,555,272.33,152.50,94.33,29.67,0.42,-1,-1,-1
1219,540,276.00,234.67,88.67,94.00,0.49,-1,-1,-1
1220,540,276.00,235.00,88.67,94.00,0.48,-1,-1,-1
1221,540,275.67,234.67,89.67,95.00,0.49,-1,-1,-1
1222,540,275.50,234.67,89.50,95.00,0.49,-1,-1,-1
1223,540,275.00,234.83,89.67,94.00,0.49,-1,-1,-1
1224,540,273.83,235.50,91.50,93.67,0.50,-1,-1,-1
1225,540,275.00,234.83,89.67,93.67,0.49,-1,-1,-1
1226,540,275.67,235.33,90.33,94.33,0.49,-1,-1,-1
1227,540,275.17,235.83,90.17,94.33,0.49,-1,-1,-1
1228,540,274.67,236.33,90.67,93.00,0.49,-1,-1,-1
1229,540,274.17,235.50,90.83,94.00,0.50,-1,-1,-1
1229,556,663.67,141.17,76.33,29.50,0.48,-1,-1,-1
1230,540,275.67,234.33,89.33,94.33,0.49,-1,-1,-1
1230,556,665.33,148.75,70.67,27.58,0.48,-1,-1,-1
1230,557,444.67,142.92,79.33,30.42,0.47,-1,-1,-1
1231,540,276.00,234.83,90.00,94.67,0.49,-1,-1,-1
1231,556,219.33,144.58,82.67,32.08,0.48,-1,-1,-1
1231,558,408.67,150.50,76.67,29.33,0.48,-1,-1,-1
1232,540,276.00,234.67,89.33,94.33,0.49,-1,-1,-1
1232,559,151.17,154.00,75.67,29.33,0.46,-1,-1,-1
1233,540,275.67,234.67,89.00,94.00,0.49,-1,-1,-1
1234,540,275.00,235.33,90.33,94.33,0.49,-1,-1,-1
1235,540,275.17,235.67,90.17,93.67,0.49,-1,-1,-1
1235,560,701.33,150.92,80.00,33.58,0.47,-1,-1,-1
1236,540,275.50,235.00,89.50,94.33,0.49,-1,-1,-1
1236,561,576.00,154.00,81.33,30.33,0.47,-1,-1,-1
1237,540,275.00,235.33,90.33,94.67,0.49,-1,-1,-1
1237,562,471.00,156.00,83.33,33.33,0.48,-1,-1,-1
1238,540,273.00,236.67,92.00,95.67,0.49,-1,-1,-1
1238,563,390.67,161.00,80.00,36.67,0.48,-1,-1,-1
1239,540,279.33,246.00,99.00,106.33,0.51,-1,-1,-1
1239,564,332.17,170.17,69.17,40.67,0.48,-1,-1,-1
1240,540,294.00,260.83,140.67,117.83,0.44,-1,-1,-1
1240,565,306.17,183.83,55.50,45.33,0.48,-1,-1,-1
1241,540,359.33,284.00,224.00,139.33,0.48,-1,-1,-1
1241,566,294.50,202.50,59.17,54.33,0.49,-1,-1,-1
1241,567,760.00,145.67,50.67,27.83,0.42,-1,-1,-1
1242,567,759.33,145.50,52.00,28.17,0.41,-1,-1,-1
1242,568,291.83,229.00,73.17,66.33,0.49,-1,-1,-1
1242,569,559.67,319.00,303.00,161.33,0.48,-1,-1,-1
1243,567,759.33,144.83,52.00,28.67,0.41,-1,-1,-1
1243,570,318.00,263.17,124.67,89.17,0.50,-1,-1,-1
1243,571,945.33,361.00,333.33,165.33,0.46,-1,-1,-1
1244,567,759.33,143.33,52.00,29.83,0.38,-1,-1,-1
1244,572,468.00,302.67,227.33,115.33,0.48,-1,-1,-1
1245,567,759.33,143.50,52.00,29.67,0.36,-1,-1,-1
1245,573,846.67,351.33,284.00,124.00,0.49,-1,-1,-1
1245,574,938.00,151.92,56.00,24.92,0.41,-1,-1,-1
1246,567,760.00,143.92,50.67,29.25,0.38,-1,-1,-1
1246,574,922.00,150.75,66.67,27.25,0.40,-1,-1,-1
1247,567,759.33,144.75,52.00,28.58,0.34,-1,-1,-1
1247,574,922.67,150.67,61.33,27.83,0.35,-1,-1,-1
1248,567,760.00,145.42,50.67,27.92,0.35,-1,-1,-1
1248,574,922.67,150.75,62.67,27.75,0.34,-1,-1,-1
1249,567,760.00,145.00,50.67,28.50,0.35,-1,-1,-1
1249,574,922.67,150.67,64.00,28.83,0.34,-1,-1,-1
1250,567,760.00,144.67,50.67,28.67,0.39,-1,-1,-1
1250,574,922.67,150.83,62.67,28.17,0.35,-1,-1,-1
1251,567,759.33,143.17,52.00,29.83,0.36,-1,-1,-1
1251,574,922.00,150.67,62.67,27.83,0.35,-1,-1,-1
1252,567,759.33,143.50,52.00,29.50,0.36,-1,-1,-1
1252,574,922.00,150.83,62.67,27.50,0.36,-1,-1,-1
1253,567,760.67,143.83,50.67,29.50,0.31,-1,-1,-1
1253,574,922.67,150.83,64.00,28.50,0.34,-1,-1,-1
1254,567,760.67,144.50,50.67,28.83,0.34,-1,-1,-1
1254,574,922.67,151.00,62.67,28.00,0.34,-1,-1,-1
1255,567,759.33,144.08,52.00,29.42,0.39,-1,-1,-1
1255,574,922.67,150.83,61.33,28.17,0.35,-1,-1,-1
1256,567,759.33,143.33,52.00,30.00,0.36,-1,-1,-1
1256,574,922.00,151.00,61.33,27.83,0.35,-1,-1,-1
1257,567,759.33,143.17,52.00,30.00,0.34,-1,-1,-1
1257,574,922.00,151.00,62.67,27.50,0.34,-1,-1,-1
1258,567,759.33,144.42,52.00,28.92,0.36,-1,-1,-1
1258,574,922.00,150.83,61.33,28.17,0.34,-1,-1,-1
1259,567,759.33,144.50,52.00,29.17,0.38,-1,-1,-1
1259,574,921.33,150.67,48.00,25.33,0.40,-1,-1,-1
1260,567,760.00,144.17,52.00,29.50,0.34,-1,-1,-1
1260,574,922.67,150.50,66.67,34.67,0.35,-1,-1,-1
1261,567,759.33,144.17,52.00,29.17,0.38,-1,-1,-1
1261,574,922.67,150.58,62.67,31.25,0.31,-1,-1,-1
1262,567,760.00,144.50,50.67,28.83,0.38,-1,-1,-1
1262,574,922.00,150.92,62.67,28.08,0.34,-1,-1,-1
1263,567,758.67,142.83,52.00,33.00,0.13,-1,-1,-1
1263,574,922.00,150.83,62.67,28.00,0.35,-1,-1,-1
1264,567,753.33,145.25,57.33,28.42,0.43,-1,-1,-1
1264,574,922.00,150.67,64.00,28.50,0.34,-1,-1,-1
1264,575,667.67,152.17,87.67,28.17,0.43,-1,-1,-1
1265,567,733.33,144.92,77.33,29.75,0.41,-1,-1,-1
1265,574,922.67,150.92,64.00,28.25,0.34,-1,-1,-1
1265,576,530.33,152.33,89.33,28.67,0.44,-1,-1,-1
1266,567,671.33,147.50,82.67,27.00,0.36,-1,-1,-1
1266,574,357.33,153.33,90.67,29.17,0.43,-1,-1,-1
1267,567,592.67,148.17,77.33,27.83,0.46,-1,-1,-1
1267,574,158.83,154.83,92.33,30.33,0.43,-1,-1,-1
1267,577,641.33,140.08,55.33,29.42,0.45,-1,-1,-1
1268,578,488.67,143.92,87.33,32.42,0.43,-1,-1,-1
1269,567,592.67,148.17,77.33,27.83,0.44,-1,-1,-1
1269,574,158.83,154.83,92.33,30.33,0.35,-1,-1,-1
1270,567,223.33,151.83,76.33,30.33,0.48,-1,-1,-1
1270,574,631.67,150.33,79.67,27.00,0.49,-1,-1,-1
1270,579,167.08,146.75,73.25,32.25,0.45,-1,-1,-1
1270,580,1117.33,156.83,61.33,28.00,0.41,-1,-1,-1
1271,567,65.38,155.92,77.12,29.75,0.41,-1,-1,-1
1271,574,492.00,149.75,80.67,28.25,0.49,-1,-1,-1
1272,574,330.67,150.25,82.67,29.08,0.48,-1,-1,-1
1273,574,157.83,152.67,80.33,29.50,0.47,-1,-1,-1
1273,581,654.33,147.42,73.00,28.08,0.49,-1,-1,-1
1274,582,474.33,149.00,72.67,27.83,0.48,-1,-1,-1
1275,583,287.67,150.58,73.00,28.75,0.48,-1,-1,-1
1282,584,0.06,411.33,76.94,120.67,0.41,-1,-1,-1
1283,585,781.33,380.67,325.33,134.67,0.50,-1,-1,-1
1284,586,680.33,311.50,276.33,117.17,0.49,-1,-1,-1
1289,587,596.00,470.67,404.00,174.00,0.40,-1,-1,-1
1291,588,0.00,372.00,251.17,198.00,0.48,-1,-1,-1
1292,589,792.67,360.67,405.33,196.00,0.40,-1,-1,-1
1425,590,938.67,265.00,86.67,34.00,0.42,-1,-1,-1
1426,590,920.00,263.50,90.67,35.33,0.41,-1,-1,-1
1427,590,902.00,263.00,92.00,35.33,0.44,-1,-1,-1
1428,590,881.33,263.67,94.67,34.00,0.42,-1,-1,-1
1429,590,862.67,263.50,97.33,33.33,0.41,-1,-1,-1
1430,590,847.33,263.00,97.33,33.67,0.43,-1,-1,-1
1431,590,822.00,261.83,102.67,34.33,0.41,-1,-1,-1
1432,590,810.67,261.83,100.00,34.67,0.42,-1,-1,-1
1433,590,794.67,261.50,101.33,35.00,0.42,-1,-1,-1
1434,590,781.33,260.83,101.33,35.33,0.41,-1,-1,-1
1435,590,766.67,260.67,100.00,35.33,0.43,-1,-1,-1
1436,590,751.33,260.00,102.67,35.67,0.41,-1,-1,-1
1437,590,738.67,259.83,102.67,36.00,0.40,-1,-1,-1
1438,590,726.00,259.17,104.00,38.33,0.37,-1,-1,-1
1439,590,712.67,259.00,101.33,38.33,0.40,-1,-1,-1
1440,590,702.00,259.17,100.00,37.33,0.43,-1,-1,-1
1441,590,690.00,259.33,102.67,35.33,0.42,-1,-1,-1
1442,590,677.33,258.17,100.00,35.00,0.40,-1,-1,-1
1443,590,666.33,257.33,99.00,35.00,0.43,-1,-1,-1
1444,590,664.67,257.17,90.67,35.33,0.45,-1,-1,-1
1445,590,646.00,257.00,96.00,36.00,0.42,-1,-1,-1
1446,590,635.33,256.50,96.00,37.33,0.42,-1,-1,-1
1447,590,623.33,255.67,98.67,36.33,0.43,-1,-1,-1
1448,590,614.00,255.67,96.00,36.33,0.43,-1,-1,-1
1449,590,601.00,255.83,97.00,35.00,0.43,-1,-1,-1
1450,590,594.00,256.17,94.00,34.00,0.42,-1,-1,-1
1451,590,583.33,255.67,94.67,34.33,0.44,-1,-1,-1
1452,590,572.00,255.50,92.67,34.33,0.44,-1,-1,-1
1453,590,561.33,255.33,93.33,34.33,0.44,-1,-1,-1
1454,590,553.33,255.50,90.00,33.67,0.45,-1,-1,-1
1455,590,544.00,255.00,89.33,33.67,0.45,-1,-1,-1
1456,590,533.33,254.83,87.33,33.33,0.46,-1,-1,-1
1457,590,525.67,254.50,85.33,33.67,0.47,-1,-1,-1
1458,590,517.33,254.50,83.33,33.67,0.48,-1,-1,-1
1459,590,506.00,254.00,82.67,33.33,0.48,-1,-1,-1
1460,590,497.33,253.83,80.67,33.33,0.48,-1,-1,-1
1461,591,410.33,247.83,49.33,29.67,0.41,-1,-1,-1
