1,1,607.33,69.88,62.67,64.46,0.47,-1,-1,-1
1,2,517.00,80.08,60.67,49.00,0.45,-1,-1,-1
1,3,558.33,62.29,48.67,44.71,0.43,-1,-1,-1
1,4,644.33,60.83,42.33,38.92,0.41,-1,-1,-1
2,1,607.33,70.04,62.67,64.46,0.46,-1,-1,-1
2,2,514.33,80.92,60.00,49.50,0.45,-1,-1,-1
2,3,557.67,62.25,49.33,45.00,0.43,-1,-1,-1
2,4,644.00,61.08,42.67,38.67,0.40,-1,-1,-1
3,1,604.00,73.00,64.00,63.83,0.49,-1,-1,-1
3,2,502.67,86.58,63.33,51.83,0.45,-1,-1,-1
3,3,555.00,62.58,50.67,45.00,0.41,-1,-1,-1
3,4,641.67,61.71,45.00,39.54,0.42,-1,-1,-1
4,1,592.67,80.67,70.00,69.17,0.49,-1,-1,-1
4,2,474.33,98.50,72.67,58.67,0.48,-1,-1,-1
4,3,551.67,64.00,52.00,45.00,0.43,-1,-1,-1
4,4,639.67,62.62,45.00,41.38,0.33,-1,-1,-1
5,1,567.33,93.17,82.67,84.67,0.48,-1,-1,-1
5,2,424.67,119.83,87.33,70.17,0.48,-1,-1,-1
5,3,542.33,67.67,60.00,46.67,0.41,-1,-1,-1
5,4,633.67,67.38,47.33,42.46,0.41,-1,-1,-1
6,1,518.00,122.75,105.33,106.58,0.51,-1,-1,-1
6,2,329.67,160.50,117.33,94.33,0.51,-1,-1,-1
6,3,524.00,75.42,67.33,51.50,0.43,-1,-1,-1
6,4,620.67,76.50,54.00,45.67,0.47,-1,-1,-1
6,5,1070.67,427.00,209.33,212.00,0.43,-1,-1,-1
7,1,412.00,181.67,158.67,165.67,0.48,-1,-1,-1
7,2,109.25,250.00,194.75,162.00,0.48,-1,-1,-1
7,3,491.00,89.17,77.33,61.67,0.49,-1,-1,-1
7,4,602.33,90.83,60.00,51.33,0.49,-1,-1,-1
7,6,983.33,280.83,153.33,122.17,0.47,-1,-1,-1
7,7,566.67,59.29,52.00,38.88,0.43,-1,-1,-1
8,1,72.00,395.00,348.00,325.00,0.31,-1,-1,-1
8,3,432.33,111.83,97.33,76.33,0.49,-1,-1,-1
8,4,573.67,110.67,72.00,62.67,0.49,-1,-1,-1
8,7,550.33,66.92,58.00,42.50,0.46,-1,-1,-1
8,8,933.33,197.67,104.00,84.33,0.48,-1,-1,-1
8,9,1007.33,390.00,241.33,187.33,0.45,-1,-1,-1
9,3,323.67,153.42,136.67,106.25,0.52,-1,-1,-1
9,4,527.67,144.50,92.00,82.67,0.49,-1,-1,-1
9,7,525.33,78.96,65.33,48.71,0.46,-1,-1,-1
9,10,883.33,222.00,130.67,96.67,0.48,-1,-1,-1
9,11,905.33,149.00,77.33,64.00,0.46,-1,-1,-1
10,3,71.25,247.67,238.75,195.33,0.48,-1,-1,-1
10,4,429.33,212.33,137.33,128.67,0.47,-1,-1,-1
10,7,483.67,96.58,78.67,57.83,0.47,-1,-1,-1
10,12,945.33,315.00,173.33,146.67,0.48,-1,-1,-1
10,13,816.67,138.83,85.33,63.00,0.47,-1,-1,-1
10,14,885.33,117.42,61.33,51.58,0.45,-1,-1,-1
11,7,413.00,125.83,102.67,72.83,0.49,-1,-1,-1
11,15,855.33,180.00,102.67,85.00,0.48,-1,-1,-1
11,16,153.83,390.67,274.83,277.33,0.43,-1,-1,-1
11,17,784.00,92.58,58.67,45.67,0.43,-1,-1,-1
11,18,867.33,93.50,53.33,44.67,0.42,-1,-1,-1
12,7,280.00,175.17,150.67,108.33,0.51,-1,-1,-1
12,19,805.33,114.92,65.33,54.08,0.46,-1,-1,-1
12,20,774.00,63.04,42.67,34.21,0.45,-1,-1,-1
13,7,0.00,299.67,239.67,215.33,0.50,-1,-1,-1
13,20,778.00,76.50,48.00,40.50,0.47,-1,-1,-1
14,20,767.33,30.10,29.33,21.31,0.30,-1,-1,-1
14,21,1017.33,382.33,249.33,202.67,0.48,-1,-1,-1
14,22,769.33,51.29,34.67,31.63,0.44,-1,-1,-1
15,23,890.67,186.83,117.33,96.67,0.48,-1,-1,-1
16,24,826.67,112.83,73.33,61.00,0.48,-1,-1,-1
17,25,791.33,73.00,53.33,46.17,0.43,-1,-1,-1
18,26,776.67,49.42,38.67,33.67,0.44,-1,-1,-1
19,27,1044.67,361.33,222.67,185.33,0.48,-1,-1,-1
19,28,770.67,34.42,32.00,26.67,0.45,-1,-1,-1
20,29,939.33,207.33,118.67,98.33,0.51,-1,-1,-1
21,30,887.33,139.42,80.00,68.58,0.49,-1,-1,-1
21,31,1153.33,536.00,126.67,182.67,0.45,-1,-1,-1
22,32,978.67,266.67,161.33,132.33,0.47,-1,-1,-1
22,33,858.67,102.25,58.67,51.67,0.44,-1,-1,-1
23,34,906.67,164.00,98.67,83.00,0.48,-1,-1,-1
23,35,842.67,76.67,46.67,42.00,0.44,-1,-1,-1
24,36,997.33,324.00,198.67,176.00,0.49,-1,-1,-1
24,37,871.33,113.17,68.00,59.00,0.47,-1,-1,-1
25,38,897.33,178.33,108.00,97.00,0.50,-1,-1,-1
25,39,846.67,82.62,54.67,45.88,0.43,-1,-1,-1
26,40,838.67,115.17,72.00,66.17,0.47,-1,-1,-1
27,41,801.33,79.25,53.33,49.17,0.47,-1,-1,-1
27,42,1126.67,561.67,153.33,158.33,0.46,-1,-1,-1
28,43,967.33,289.67,160.00,126.67,0.47,-1,-1,-1
28,44,780.67,54.50,40.00,39.42,0.47,-1,-1,-1
29,45,888.67,172.33,97.33,78.33,0.47,-1,-1,-1
29,46,770.00,38.27,33.33,32.15,0.46,-1,-1,-1
30,47,834.67,113.58,66.67,51.83,0.45,-1,-1,-1
31,48,800.00,76.00,49.33,39.83,0.45,-1,-1,-1
32,49,780.67,51.12,37.33,30.58,0.45,-1,-1,-1
33,50,770.67,34.92,32.00,24.67,0.41,-1,-1,-1
36,51,1010.00,410.33,265.33,230.00,0.47,-1,-1,-1
37,52,879.33,197.83,121.33,100.00,0.50,-1,-1,-1
38,53,824.67,118.17,74.67,65.00,0.47,-1,-1,-1
39,54,793.33,77.71,53.33,46.62,0.47,-1,-1,-1
40,55,778.67,53.08,40.00,35.50,0.44,-1,-1,-1
41,56,310.00,461.00,302.00,259.00,0.46,-1,-1,-1
41,57,774.00,37.42,32.00,28.42,0.43,-1,-1,-1
42,58,142.83,305.33,224.50,158.67,0.47,-1,-1,-1
42,59,1134.67,389.67,145.33,160.67,0.46,-1,-1,-1
43,60,20.25,210.67,160.08,103.67,0.48,-1,-1,-1
43,61,991.33,259.33,158.67,109.33,0.47,-1,-1,-1
44,62,920.00,178.67,102.67,77.67,0.49,-1,-1,-1
44,63,0.00,152.33,54.58,77.33,0.47,-1,-1,-1
45,64,879.33,131.33,73.33,57.83,0.45,-1,-1,-1
46,65,854.67,98.25,54.67,45.00,0.43,-1,-1,-1
49,66,1166.67,328.33,113.33,119.33,0.49,-1,-1,-1
49,67,1010.00,351.33,198.67,165.33,0.47,-1,-1,-1
50,68,908.00,181.83,101.33,90.33,0.48,-1,-1,-1
50,69,1056.67,222.33,121.33,84.67,0.48,-1,-1,-1
51,70,998.67,167.83,88.00,63.33,0.48,-1,-1,-1
51,71,864.67,116.50,66.67,58.17,0.45,-1,-1,-1
52,72,966.67,134.25,69.33,49.92,0.41,-1,-1,-1
52,73,840.00,79.83,50.67,44.00,0.41,-1,-1,-1
53,74,650.33,51.33,39.67,33.83,0.45,-1,-1,-1
53,75,944.00,112.33,60.00,44.17,0.41,-1,-1,-1
54,74,639.67,59.42,43.67,37.50,0.46,-1,-1,-1
54,76,932.67,97.83,49.33,38.83,0.43,-1,-1,-1
55,74,631.33,67.83,47.33,40.00,0.45,-1,-1,-1
55,76,932.00,87.67,41.33,36.67,0.40,-1,-1,-1
56,74,624.00,74.00,50.67,43.33,0.47,-1,-1,-1
56,76,936.00,81.08,38.67,33.83,0.41,-1,-1,-1
57,74,618.00,79.21,53.33,44.96,0.49,-1,-1,-1
57,76,941.33,78.04,37.33,30.38,0.24,-1,-1,-1
58,74,613.33,82.42,56.00,46.67,0.47,-1,-1,-1
58,77,1020.00,273.50,256.00,273.83,0.46,-1,-1,-1
59,74,610.33,85.17,56.67,47.33,0.47,-1,-1,-1
59,78,926.67,149.50,134.67,145.67,0.47,-1,-1,-1
60,74,608.67,84.75,58.00,50.17,0.45,-1,-1,-1
60,79,247.67,376.00,261.33,224.67,0.48,-1,-1,-1
60,80,881.33,99.17,84.00,97.17,0.48,-1,-1,-1
61,74,608.33,85.67,58.00,49.50,0.45,-1,-1,-1
61,81,849.33,68.71,66.67,75.29,0.49,-1,-1,-1
61,82,78.67,224.33,174.00,129.33,0.48,-1,-1,-1
62,74,608.33,85.83,58.67,49.33,0.46,-1,-1,-1
62,83,0.46,146.00,80.92,89.33,0.48,-1,-1,-1
62,84,834.67,51.00,52.00,59.83,0.48,-1,-1,-1
63,74,608.33,86.08,58.67,49.17,0.45,-1,-1,-1
63,84,823.33,37.60,44.00,50.81,0.37,-1,-1,-1
63,76,941.33,78.04,37.33,30.38,0.43,-1,-1,-1
64,74,608.33,86.33,58.67,49.00,0.45,-1,-1,-1
64,84,816.00,29.12,36.00,42.42,0.11,-1,-1,-1
64,76,932.00,61.62,37.33,27.71,0.36,-1,-1,-1
65,74,608.33,86.25,58.67,48.83,0.46,-1,-1,-1
65,84,810.00,20.65,30.67,38.44,0.10,-1,-1,-1
65,76,931.33,61.42,38.67,27.83,0.44,-1,-1,-1
66,74,608.33,86.25,58.67,49.00,0.45,-1,-1,-1
66,76,932.00,61.42,37.33,27.92,0.46,-1,-1,-1
67,74,608.00,86.00,59.33,48.83,0.46,-1,-1,-1
67,76,931.33,61.54,37.33,27.79,0.45,-1,-1,-1
68,74,608.00,86.00,59.33,49.17,0.45,-1,-1,-1
68,76,932.00,61.54,37.33,27.71,0.46,-1,-1,-1
68,85,568.00,54.54,48.00,37.21,0.42,-1,-1,-1
69,74,608.67,86.00,58.00,49.00,0.46,-1,-1,-1
69,76,931.33,61.58,37.33,27.58,0.46,-1,-1,-1
69,85,546.33,64.00,54.67,41.17,0.45,-1,-1,-1
69,86,1201.33,219.83,78.67,79.33,0.47,-1,-1,-1
70,74,608.33,85.92,58.00,49.17,0.46,-1,-1,-1
70,76,931.33,61.54,37.33,27.63,0.46,-1,-1,-1
70,85,528.33,71.08,60.00,44.83,0.46,-1,-1,-1
70,86,1133.33,226.83,132.00,88.00,0.51,-1,-1,-1
71,74,608.00,86.08,58.67,49.00,0.46,-1,-1,-1
71,76,931.33,61.46,37.33,27.71,0.47,-1,-1,-1
71,85,518.67,75.42,62.67,46.17,0.47,-1,-1,-1
71,86,1045.33,237.00,150.67,105.33,0.47,-1,-1,-1
72,74,608.33,86.08,58.00,49.00,0.46,-1,-1,-1
72,76,931.33,61.46,37.33,27.71,0.46,-1,-1,-1
72,85,516.00,75.92,64.00,46.83,0.47,-1,-1,-1
72,86,925.33,258.67,178.67,127.00,0.47,-1,-1,-1
73,74,608.00,86.00,58.67,49.17,0.46,-1,-1,-1
73,76,931.33,61.42,37.33,27.67,0.46,-1,-1,-1
73,85,516.00,76.00,64.00,46.67,0.47,-1,-1,-1
73,86,770.67,295.00,218.67,163.33,0.47,-1,-1,-1
74,74,608.33,86.08,58.67,49.00,0.47,-1,-1,-1
74,76,931.33,61.38,37.33,27.71,0.47,-1,-1,-1
74,85,516.00,76.00,64.00,46.67,0.47,-1,-1,-1
74,86,577.33,357.67,277.33,222.00,0.49,-1,-1,-1
75,74,608.67,86.17,58.00,48.83,0.46,-1,-1,-1
75,76,931.33,61.42,37.33,27.67,0.46,-1,-1,-1
75,85,516.00,76.00,64.00,46.67,0.47,-1,-1,-1
75,86,289.50,472.00,395.17,248.00,0.30,-1,-1,-1
76,74,608.33,86.33,58.67,48.50,0.46,-1,-1,-1
76,76,931.33,61.33,37.33,27.67,0.47,-1,-1,-1
76,85,516.00,76.00,64.00,46.67,0.47,-1,-1,-1
77,74,608.33,86.00,58.67,48.83,0.46,-1,-1,-1
77,76,931.33,61.50,37.33,27.67,0.46,-1,-1,-1
77,85,515.67,76.00,64.00,46.67,0.47,-1,-1,-1
78,74,608.33,86.00,58.67,48.67,0.46,-1,-1,-1
78,76,931.33,61.50,37.33,27.58,0.46,-1,-1,-1
78,85,516.00,76.00,64.00,46.67,0.47,-1,-1,-1
79,74,608.00,85.92,58.67,49.00,0.47,-1,-1,-1
79,76,931.33,61.46,37.33,27.54,0.46,-1,-1,-1
79,85,515.67,76.00,64.00,46.67,0.47,-1,-1,-1
80,74,608.00,85.83,58.67,49.17,0.46,-1,-1,-1
80,76,931.33,61.50,37.33,27.58,0.46,-1,-1,-1
80,85,515.67,75.92,64.00,46.67,0.47,-1,-1,-1
81,74,608.00,86.00,58.67,49.00,0.46,-1,-1,-1
81,76,931.33,61.42,37.33,27.75,0.46,-1,-1,-1
81,85,516.00,76.17,64.00,46.50,0.46,-1,-1,-1
82,74,608.33,86.00,58.67,49.00,0.46,-1,-1,-1
82,76,931.33,61.42,37.33,27.75,0.46,-1,-1,-1
82,85,516.00,76.17,64.00,46.50,0.46,-1,-1,-1
83,74,608.00,85.92,58.67,49.17,0.46,-1,-1,-1
83,76,930.67,61.42,38.67,27.58,0.45,-1,-1,-1
83,85,516.00,76.17,64.00,46.50,0.47,-1,-1,-1
84,74,608.00,85.92,58.67,49.17,0.46,-1,-1,-1
84,76,930.67,61.42,38.67,27.58,0.46,-1,-1,-1
84,85,516.00,76.17,64.00,46.50,0.47,-1,-1,-1
85,74,608.33,85.92,58.67,49.17,0.46,-1,-1,-1
85,76,931.33,61.33,37.33,27.58,0.46,-1,-1,-1
85,85,516.00,76.17,64.00,46.50,0.47,-1,-1,-1
86,74,608.33,85.92,58.67,49.17,0.46,-1,-1,-1
86,76,931.33,61.29,37.33,27.71,0.45,-1,-1,-1
86,85,516.00,76.17,64.00,46.50,0.47,-1,-1,-1
87,74,608.33,85.92,58.67,49.17,0.46,-1,-1,-1
87,76,930.67,61.29,38.67,27.54,0.46,-1,-1,-1
87,85,516.00,76.17,64.00,46.50,0.47,-1,-1,-1
88,74,608.00,85.92,58.67,49.17,0.46,-1,-1,-1
88,76,930.67,61.29,38.67,27.54,0.46,-1,-1,-1
88,85,516.00,76.17,64.00,46.50,0.47,-1,-1,-1
89,74,608.33,85.83,58.67,49.17,0.46,-1,-1,-1
89,76,931.33,61.50,37.33,27.58,0.46,-1,-1,-1
89,85,516.00,76.25,64.00,46.50,0.46,-1,-1,-1
90,74,608.33,85.83,58.67,49.17,0.46,-1,-1,-1
90,76,931.33,61.50,37.33,27.58,0.46,-1,-1,-1
90,85,516.00,76.25,64.00,46.50,0.46,-1,-1,-1
91,74,608.00,86.08,58.67,49.17,0.46,-1,-1,-1
91,76,931.33,61.38,37.33,27.79,0.45,-1,-1,-1
91,85,516.00,76.25,64.00,46.50,0.47,-1,-1,-1
92,74,606.33,88.00,59.33,50.17,0.47,-1,-1,-1
92,76,931.33,61.38,37.33,27.79,0.45,-1,-1,-1
92,85,515.00,76.50,64.67,47.00,0.47,-1,-1,-1
93,74,600.33,92.75,60.67,51.50,0.49,-1,-1,-1
93,76,930.67,61.46,38.67,27.71,0.46,-1,-1,-1
93,85,511.33,78.08,64.67,47.50,0.46,-1,-1,-1
93,87,626.67,69.00,46.00,43.33,0.40,-1,-1,-1
94,74,590.67,102.17,65.33,56.67,0.48,-1,-1,-1
94,76,930.67,61.46,38.67,27.71,0.46,-1,-1,-1
94,85,497.33,85.17,68.00,48.33,0.48,-1,-1,-1
94,87,618.00,71.75,52.67,45.17,0.45,-1,-1,-1
95,74,574.00,116.00,74.00,62.33,0.49,-1,-1,-1
95,76,932.00,61.42,37.33,27.92,0.45,-1,-1,-1
95,85,467.33,98.33,75.33,55.50,0.48,-1,-1,-1
95,87,607.33,78.92,58.00,46.50,0.42,-1,-1,-1
95,88,559.67,56.62,48.00,37.21,0.42,-1,-1,-1
96,74,547.00,136.67,86.00,74.00,0.49,-1,-1,-1
96,76,932.00,61.42,37.33,27.83,0.45,-1,-1,-1
96,85,412.00,121.92,93.33,66.75,0.47,-1,-1,-1
96,87,590.33,90.83,66.67,51.50,0.46,-1,-1,-1
96,88,550.00,60.08,50.67,39.25,0.40,-1,-1,-1
97,74,502.33,170.50,108.00,91.67,0.49,-1,-1,-1
97,76,931.33,61.50,37.33,27.83,0.45,-1,-1,-1
97,85,303.00,164.08,134.00,95.58,0.51,-1,-1,-1
97,87,569.33,104.17,74.00,59.33,0.47,-1,-1,-1
97,88,533.67,67.71,55.33,41.46,0.43,-1,-1,-1
97,89,614.67,76.46,56.67,47.71,0.44,-1,-1,-1
98,74,415.00,233.00,151.33,134.33,0.46,-1,-1,-1
98,76,931.33,61.42,37.33,27.92,0.45,-1,-1,-1
98,85,47.67,270.33,233.17,168.00,0.48,-1,-1,-1
98,87,536.67,126.42,88.67,70.92,0.49,-1,-1,-1
98,88,507.33,78.79,62.00,46.04,0.47,-1,-1,-1
98,89,599.00,89.92,63.33,52.83,0.45,-1,-1,-1
99,74,202.00,375.33,263.00,253.33,0.49,-1,-1,-1
99,76,931.33,61.50,38.67,27.58,0.44,-1,-1,-1
99,87,482.67,164.83,113.33,90.67,0.49,-1,-1,-1
99,88,466.00,95.92,72.00,53.33,0.48,-1,-1,-1
99,89,575.33,107.92,74.67,61.42,0.49,-1,-1,-1
100,76,931.33,61.50,38.67,27.58,0.44,-1,-1,-1
100,87,380.67,229.50,165.33,140.83,0.47,-1,-1,-1
100,88,396.67,122.42,92.00,67.92,0.49,-1,-1,-1
100,89,537.33,136.00,92.67,79.33,0.49,-1,-1,-1
101,76,931.33,61.50,37.33,28.00,0.41,-1,-1,-1
101,88,268.67,171.00,131.33,97.67,0.51,-1,-1,-1
101,89,468.67,186.33,126.67,107.67,0.50,-1,-1,-1
101,90,136.08,376.00,299.25,283.33,0.45,-1,-1,-1
102,76,931.33,61.50,37.33,28.00,0.42,-1,-1,-1
102,88,0.00,282.00,215.00,185.33,0.48,-1,-1,-1
102,89,323.17,284.33,204.83,188.00,0.46,-1,-1,-1
103,76,931.33,61.46,37.33,27.71,0.45,-1,-1,-1
104,76,931.33,61.46,37.33,27.71,0.45,-1,-1,-1
105,76,931.33,61.42,37.33,27.83,0.45,-1,-1,-1
106,76,931.33,61.42,37.33,27.83,0.45,-1,-1,-1
107,76,931.33,61.33,37.33,28.00,0.46,-1,-1,-1
108,76,931.33,61.33,37.33,28.00,0.46,-1,-1,-1
109,76,931.33,61.46,37.33,27.71,0.44,-1,-1,-1
110,76,931.33,61.46,37.33,27.71,0.44,-1,-1,-1
111,76,931.33,61.54,37.33,27.63,0.43,-1,-1,-1
111,91,1038.67,297.33,241.33,251.33,0.43,-1,-1,-1
112,76,931.33,61.54,37.33,27.63,0.43,-1,-1,-1
112,92,972.00,431.33,258.67,223.33,0.48,-1,-1,-1
112,93,946.67,184.33,148.00,147.67,0.45,-1,-1,-1
113,76,930.67,61.46,38.67,27.62,0.43,-1,-1,-1
113,94,839.33,215.00,125.33,106.00,0.52,-1,-1,-1
113,95,894.00,125.17,98.67,101.33,0.49,-1,-1,-1
114,76,931.33,61.46,37.33,27.71,0.37,-1,-1,-1
114,96,868.67,90.17,68.00,78.33,0.49,-1,-1,-1
114,97,786.67,131.00,76.00,66.83,0.47,-1,-1,-1
115,76,930.67,61.25,38.67,28.00,0.43,-1,-1,-1
115,98,896.00,321.67,190.67,156.67,0.47,-1,-1,-1
115,99,849.33,69.62,56.00,61.71,0.46,-1,-1,-1
115,100,767.33,87.33,52.00,47.17,0.46,-1,-1,-1
116,76,931.33,61.42,37.33,27.67,0.44,-1,-1,-1
116,101,822.67,174.17,100.00,82.33,0.49,-1,-1,-1
116,102,988.67,470.00,270.67,222.67,0.49,-1,-1,-1
116,103,762.00,60.04,38.67,36.21,0.47,-1,-1,-1
116,104,837.33,52.08,46.67,51.83,0.44,-1,-1,-1
117,76,931.33,61.38,37.33,27.71,0.45,-1,-1,-1
117,104,827.33,37.94,40.00,47.15,0.41,-1,-1,-1
117,105,871.33,246.67,130.67,106.00,0.51,-1,-1,-1
117,106,792.67,107.92,65.33,52.83,0.48,-1,-1,-1
118,76,931.33,61.33,37.33,27.75,0.45,-1,-1,-1
118,104,818.67,31.88,33.33,36.08,0.25,-1,-1,-1
118,107,824.67,153.00,84.00,71.67,0.46,-1,-1,-1
118,108,778.00,70.42,45.33,39.67,0.44,-1,-1,-1
119,76,932.67,62.04,36.00,27.29,0.41,-1,-1,-1
119,104,811.33,21.79,30.67,36.38,0.20,-1,-1,-1
119,109,801.33,108.42,57.33,48.00,0.45,-1,-1,-1
119,110,770.67,47.17,36.00,29.83,0.42,-1,-1,-1
120,76,935.33,62.67,33.33,26.75,0.37,-1,-1,-1
120,111,781.33,77.17,45.33,36.67,0.44,-1,-1,-1
120,112,766.00,32.54,29.33,23.67,0.42,-1,-1,-1
121,76,937.33,64.00,32.00,26.42,0.36,-1,-1,-1
121,113,776.00,56.17,36.00,29.83,0.46,-1,-1,-1
122,76,931.33,61.71,38.67,28.12,0.29,-1,-1,-1
122,114,769.33,39.90,30.67,25.85,0.42,-1,-1,-1
123,76,930.67,61.46,38.67,28.62,0.43,-1,-1,-1
124,76,932.00,61.46,37.33,28.12,0.35,-1,-1,-1
125,76,932.00,61.75,37.33,27.75,0.35,-1,-1,-1
128,76,932.00,61.75,37.33,27.75,0.41,-1,-1,-1
129,76,931.33,61.38,37.33,27.62,0.44,-1,-1,-1
130,76,931.33,61.46,37.33,27.54,0.45,-1,-1,-1
130,115,994.67,330.67,160.00,157.33,0.47,-1,-1,-1
131,76,931.33,61.50,37.33,27.75,0.45,-1,-1,-1
131,116,910.00,175.67,84.00,82.00,0.49,-1,-1,-1
132,76,932.00,61.50,37.33,27.83,0.45,-1,-1,-1
132,117,870.67,111.58,56.00,54.17,0.44,-1,-1,-1
133,76,931.33,61.33,37.33,27.92,0.46,-1,-1,-1
134,76,931.33,61.29,37.33,27.88,0.46,-1,-1,-1
135,76,931.33,61.42,37.33,27.58,0.46,-1,-1,-1
135,118,390.67,553.00,314.67,167.00,0.46,-1,-1,-1
136,76,931.33,61.33,37.33,27.67,0.46,-1,-1,-1
136,119,199.17,363.67,261.50,198.00,0.49,-1,-1,-1
137,76,931.33,61.42,37.33,27.50,0.45,-1,-1,-1
137,120,39.42,246.67,174.58,128.33,0.48,-1,-1,-1
138,76,932.00,61.42,37.33,27.50,0.45,-1,-1,-1
138,121,0.00,166.67,60.38,89.00,0.48,-1,-1,-1
139,76,931.33,61.38,37.33,27.62,0.46,-1,-1,-1
140,76,931.33,61.38,37.33,27.71,0.46,-1,-1,-1
141,76,932.00,61.42,37.33,28.50,0.46,-1,-1,-1
141,122,547.00,49.75,52.67,43.58,0.44,-1,-1,-1
142,76,931.33,61.33,37.33,27.67,0.46,-1,-1,-1
142,122,526.67,57.00,57.33,49.00,0.40,-1,-1,-1
143,76,932.00,61.42,37.33,27.67,0.44,-1,-1,-1
143,122,511.33,62.75,60.67,52.83,0.46,-1,-1,-1
144,76,932.00,61.38,37.33,27.71,0.45,-1,-1,-1
144,122,501.67,66.58,64.00,56.17,0.46,-1,-1,-1
145,76,931.33,61.38,37.33,27.62,0.45,-1,-1,-1
145,122,495.67,69.50,65.33,57.33,0.47,-1,-1,-1
146,76,931.33,61.33,37.33,27.58,0.45,-1,-1,-1
146,122,494.00,70.50,65.33,58.00,0.47,-1,-1,-1
147,76,932.00,61.42,37.33,27.67,0.44,-1,-1,-1
147,122,493.33,71.17,66.00,57.17,0.46,-1,-1,-1
148,76,932.00,61.42,37.33,27.67,0.44,-1,-1,-1
148,122,493.67,70.25,65.33,58.17,0.47,-1,-1,-1
148,123,654.67,43.17,40.00,40.17,0.44,-1,-1,-1
149,76,932.00,61.33,37.33,27.67,0.46,-1,-1,-1
149,122,493.33,70.08,66.00,58.50,0.48,-1,-1,-1
149,123,639.67,52.17,47.00,45.17,0.48,-1,-1,-1
150,76,932.00,61.33,37.33,27.67,0.46,-1,-1,-1
150,122,494.00,70.17,65.33,58.33,0.48,-1,-1,-1
150,123,624.67,59.92,52.67,49.83,0.47,-1,-1,-1
151,76,932.00,61.42,37.33,27.58,0.45,-1,-1,-1
151,122,493.67,70.25,65.33,58.00,0.48,-1,-1,-1
151,123,614.67,66.92,56.00,53.17,0.49,-1,-1,-1
152,76,932.00,61.46,37.33,27.54,0.45,-1,-1,-1
152,122,493.33,70.17,66.00,58.17,0.48,-1,-1,-1
152,123,608.00,71.42,58.00,55.67,0.50,-1,-1,-1
153,76,931.33,61.38,37.33,28.79,0.44,-1,-1,-1
153,122,493.67,70.08,65.33,58.17,0.48,-1,-1,-1
153,123,602.67,75.08,60.00,57.17,0.50,-1,-1,-1
154,76,932.00,61.33,37.33,27.83,0.45,-1,-1,-1
154,122,493.67,70.08,65.33,58.17,0.48,-1,-1,-1
154,123,601.67,75.83,60.00,57.50,0.49,-1,-1,-1
155,76,931.33,61.33,37.33,27.67,0.46,-1,-1,-1
155,122,493.67,70.25,65.33,58.17,0.48,-1,-1,-1
155,123,601.67,75.67,60.00,57.83,0.50,-1,-1,-1
156,76,932.00,61.38,37.33,27.62,0.46,-1,-1,-1
156,122,493.67,70.25,65.33,58.17,0.48,-1,-1,-1
156,123,601.67,75.83,60.00,57.67,0.49,-1,-1,-1
157,76,932.00,61.25,37.33,27.83,0.46,-1,-1,-1
157,122,492.00,71.58,66.00,57.33,0.47,-1,-1,-1
157,123,602.00,76.00,60.00,57.50,0.50,-1,-1,-1
158,76,932.00,61.25,37.33,27.83,0.46,-1,-1,-1
158,122,491.67,71.67,66.00,57.50,0.47,-1,-1,-1
158,123,602.00,76.38,60.00,57.12,0.50,-1,-1,-1
159,76,931.33,61.29,37.33,27.54,0.47,-1,-1,-1
159,122,491.33,73.42,66.67,55.67,0.46,-1,-1,-1
159,123,602.00,76.29,60.00,57.04,0.50,-1,-1,-1
159,124,576.00,45.83,48.00,39.50,0.42,-1,-1,-1
160,76,931.33,61.29,37.33,27.54,0.47,-1,-1,-1
160,122,491.67,71.17,65.33,58.17,0.48,-1,-1,-1
160,123,602.00,76.08,60.00,57.33,0.49,-1,-1,-1
160,124,565.00,50.88,50.67,41.96,0.40,-1,-1,-1
161,76,931.33,61.38,37.33,27.62,0.46,-1,-1,-1
161,122,491.33,71.75,66.00,57.50,0.46,-1,-1,-1
161,123,601.67,76.08,60.00,57.33,0.49,-1,-1,-1
161,124,555.00,54.67,53.33,43.33,0.42,-1,-1,-1
162,76,931.33,61.42,37.33,27.58,0.45,-1,-1,-1
162,122,492.67,73.50,64.00,55.33,0.46,-1,-1,-1
162,123,601.67,76.08,60.00,57.33,0.50,-1,-1,-1
162,124,552.00,56.50,52.67,45.25,0.41,-1,-1,-1
163,76,931.33,61.42,37.33,27.50,0.47,-1,-1,-1
163,122,492.00,74.38,64.00,54.46,0.46,-1,-1,-1
163,123,601.67,75.83,60.00,57.50,0.49,-1,-1,-1
163,124,549.00,59.21,52.67,44.46,0.37,-1,-1,-1
163,125,1214.00,227.67,65.33,81.33,0.47,-1,-1,-1
164,76,931.33,61.42,37.33,27.50,0.46,-1,-1,-1
164,122,492.00,75.12,64.00,53.54,0.46,-1,-1,-1
164,123,601.67,76.17,60.00,57.33,0.50,-1,-1,-1
164,124,549.00,60.33,51.33,44.33,0.40,-1,-1,-1
164,126,1064.67,256.33,172.00,107.67,0.48,-1,-1,-1
165,76,932.00,61.29,37.33,27.71,0.47,-1,-1,-1
165,122,492.00,74.67,64.00,54.00,0.46,-1,-1,-1
165,123,601.67,76.29,60.00,57.04,0.50,-1,-1,-1
165,124,548.67,60.92,50.00,43.67,0.42,-1,-1,-1
165,127,827.33,313.67,246.67,162.67,0.49,-1,-1,-1
166,76,931.33,61.33,37.33,27.67,0.47,-1,-1,-1
166,122,492.00,74.58,64.00,54.17,0.46,-1,-1,-1
166,123,601.67,76.08,60.00,57.33,0.49,-1,-1,-1
166,124,548.67,60.83,49.33,43.83,0.42,-1,-1,-1
167,76,932.00,61.50,37.33,27.58,0.46,-1,-1,-1
167,122,492.00,74.92,64.00,53.67,0.46,-1,-1,-1
167,123,601.67,76.00,60.00,57.33,0.50,-1,-1,-1
167,124,548.67,60.88,49.33,43.96,0.42,-1,-1,-1
168,76,932.00,61.50,37.33,27.67,0.46,-1,-1,-1
168,122,492.00,74.83,64.00,53.83,0.46,-1,-1,-1
168,123,601.67,75.75,60.00,57.67,0.50,-1,-1,-1
168,124,548.67,60.83,49.33,44.00,0.42,-1,-1,-1
168,128,0.33,175.00,165.25,91.00,0.48,-1,-1,-1
169,76,931.33,61.38,37.33,27.71,0.45,-1,-1,-1
169,122,492.00,75.00,64.00,53.67,0.46,-1,-1,-1
169,123,601.67,76.08,60.00,57.33,0.50,-1,-1,-1
169,124,548.33,60.88,50.00,44.12,0.42,-1,-1,-1
169,129,145.08,194.67,251.92,97.33,0.49,-1,-1,-1
170,76,931.33,61.42,37.33,27.75,0.45,-1,-1,-1
170,122,492.00,75.38,63.33,53.62,0.46,-1,-1,-1
170,123,601.67,76.33,60.00,57.17,0.50,-1,-1,-1
170,124,548.33,60.96,50.00,44.04,0.43,-1,-1,-1
170,130,409.67,205.17,267.33,102.00,0.49,-1,-1,-1
171,76,931.33,61.29,37.33,27.71,0.46,-1,-1,-1
171,122,492.00,75.12,64.00,53.54,0.46,-1,-1,-1
171,123,602.00,76.25,60.00,57.00,0.50,-1,-1,-1
171,124,548.67,61.17,49.33,43.67,0.42,-1,-1,-1
171,131,716.67,218.83,257.33,97.67,0.48,-1,-1,-1
171,132,578.67,50.46,38.67,35.29,0.40,-1,-1,-1
172,76,931.33,61.25,37.33,27.83,0.46,-1,-1,-1
172,122,492.00,75.00,64.00,53.67,0.46,-1,-1,-1
172,123,602.00,76.00,60.00,57.33,0.49,-1,-1,-1
172,124,548.67,61.00,49.33,43.83,0.42,-1,-1,-1
172,132,578.67,50.29,38.67,35.38,0.41,-1,-1,-1
172,133,988.00,228.67,225.33,91.00,0.48,-1,-1,-1
173,76,932.00,61.38,37.33,27.62,0.47,-1,-1,-1
173,122,492.00,74.50,64.00,54.17,0.46,-1,-1,-1
173,123,602.00,75.83,60.00,57.67,0.49,-1,-1,-1
173,124,548.67,60.96,49.33,43.88,0.42,-1,-1,-1
173,132,579.00,50.25,38.00,35.50,0.42,-1,-1,-1
173,134,1189.33,237.33,90.67,81.33,0.41,-1,-1,-1
174,76,932.00,61.38,37.33,27.62,0.47,-1,-1,-1
174,122,492.00,74.50,64.00,54.17,0.46,-1,-1,-1
174,123,602.00,76.08,60.00,57.33,0.49,-1,-1,-1
174,124,548.67,60.96,49.33,43.88,0.43,-1,-1,-1
174,132,579.00,50.33,38.00,35.42,0.42,-1,-1,-1
175,76,932.00,61.50,37.33,27.50,0.46,-1,-1,-1
175,122,492.00,74.75,64.00,53.83,0.46,-1,-1,-1
175,123,602.00,75.96,60.00,57.54,0.49,-1,-1,-1
175,124,548.67,60.96,49.33,43.71,0.42,-1,-1,-1
175,132,578.67,50.29,38.67,35.54,0.43,-1,-1,-1
176,76,932.00,61.50,37.33,27.50,0.46,-1,-1,-1
176,122,492.00,74.83,64.00,53.67,0.46,-1,-1,-1
176,123,602.00,76.00,60.00,57.50,0.49,-1,-1,-1
176,124,548.67,60.92,49.33,43.83,0.42,-1,-1,-1
176,132,578.67,50.25,38.67,35.58,0.40,-1,-1,-1
177,76,932.00,61.50,37.33,27.50,0.43,-1,-1,-1
177,122,492.00,74.75,64.00,53.83,0.46,-1,-1,-1
177,123,602.00,76.08,60.00,57.50,0.49,-1,-1,-1
177,124,548.33,61.00,50.00,43.83,0.42,-1,-1,-1
177,132,579.00,50.25,38.00,35.67,0.36,-1,-1,-1
178,76,932.00,61.50,37.33,27.42,0.44,-1,-1,-1
178,122,492.00,74.75,64.00,53.83,0.46,-1,-1,-1
178,123,602.00,76.08,60.00,57.50,0.49,-1,-1,-1
178,124,548.33,60.92,50.00,43.83,0.42,-1,-1,-1
178,132,579.00,50.46,38.00,35.38,0.36,-1,-1,-1
179,76,932.00,61.38,37.33,27.62,0.46,-1,-1,-1
179,122,491.33,74.67,64.00,53.83,0.46,-1,-1,-1
179,123,602.00,75.92,60.00,57.83,0.49,-1,-1,-1
179,124,548.67,61.08,49.33,43.83,0.42,-1,-1,-1
179,132,578.67,50.25,38.67,35.67,0.36,-1,-1,-1
180,76,932.00,61.42,37.33,27.58,0.46,-1,-1,-1
180,122,490.00,75.83,64.67,53.67,0.46,-1,-1,-1
180,123,602.00,75.92,60.00,57.83,0.49,-1,-1,-1
180,124,548.00,61.08,50.00,43.83,0.43,-1,-1,-1
180,132,579.00,50.25,38.00,35.58,0.34,-1,-1,-1
181,76,931.33,61.46,37.33,27.71,0.43,-1,-1,-1
181,122,486.67,75.67,66.00,54.83,0.46,-1,-1,-1
181,123,602.00,76.08,60.00,57.50,0.49,-1,-1,-1
181,124,546.33,61.25,51.33,44.67,0.44,-1,-1,-1
181,132,577.67,51.50,38.00,34.75,0.31,-1,-1,-1
186,135,978.00,221.33,208.00,80.00,0.47,-1,-1,-1
187,136,675.00,211.33,189.67,78.00,0.46,-1,-1,-1
188,137,442.67,192.17,149.33,68.33,0.51,-1,-1,-1
189,138,286.00,171.33,116.00,59.33,0.49,-1,-1,-1
189,139,1049.33,214.50,222.67,78.33,0.47,-1,-1,-1
190,140,159.50,153.83,99.33,51.33,0.48,-1,-1,-1
190,141,759.33,213.50,190.67,73.00,0.44,-1,-1,-1
191,142,478.00,195.17,169.33,64.33,0.50,-1,-1,-1
191,143,51.21,141.08,87.96,45.75,0.45,-1,-1,-1
192,144,275.50,170.83,130.83,58.00,0.45,-1,-1,-1
192,145,0.00,125.50,31.85,44.17,0.41,-1,-1,-1
201,146,1106.67,321.17,173.33,120.17,0.40,-1,-1,-1
202,147,366.67,185.50,143.33,60.00,0.48,-1,-1,-1
202,148,560.00,240.83,200.67,82.67,0.43,-1,-1,-1
203,149,221.67,189.83,134.67,62.33,0.45,-1,-1,-1
203,150,133.17,155.33,106.00,48.33,0.44,-1,-1,-1
203,151,1212.00,334.33,68.00,99.33,0.43,-1,-1,-1
204,152,730.00,243.67,218.67,112.33,0.44,-1,-1,-1
205,153,381.33,200.50,164.67,82.00,0.49,-1,-1,-1
206,154,159.25,169.83,124.42,66.00,0.49,-1,-1,-1
207,155,954.67,279.67,324.00,130.67,0.49,-1,-1,-1
207,156,0.54,148.00,100.96,55.00,0.46,-1,-1,-1
208,157,362.67,207.00,168.00,71.67,0.47,-1,-1,-1
208,158,722.00,222.83,178.67,78.00,0.45,-1,-1,-1
209,158,685.33,248.83,230.67,87.33,0.42,-1,-1,-1
209,159,424.67,189.33,143.33,63.00,0.48,-1,-1,-1
209,160,74.00,163.75,110.17,52.25,0.41,-1,-1,-1
210,158,226.00,163.67,111.67,51.33,0.49,-1,-1,-1
210,161,286.17,197.00,145.83,65.00,0.50,-1,-1,-1
211,158,45.17,147.42,119.67,65.75,0.42,-1,-1,-1
212,158,689.33,225.00,216.00,78.00,0.46,-1,-1,-1
213,158,364.33,185.00,146.00,61.33,0.49,-1,-1,-1
214,162,156.92,157.33,109.75,49.67,0.46,-1,-1,-1
215,158,364.33,185.00,146.00,61.33,0.43,-1,-1,-1
225,163,389.67,297.67,276.00,128.67,0.48,-1,-1,-1
229,164,94.58,311.50,211.42,162.50,0.47,-1,-1,-1
231,165,0.00,204.33,114.42,77.00,0.48,-1,-1,-1
232,166,643.00,350.33,350.33,174.00,0.49,-1,-1,-1
237,167,0.00,263.33,222.67,148.67,0.47,-1,-1,-1
247,168,1070.67,221.33,209.33,95.00,0.48,-1,-1,-1
248,169,798.00,221.33,226.67,88.67,0.48,-1,-1,-1
249,170,542.67,203.83,182.67,79.67,0.48,-1,-1,-1
250,171,338.67,180.33,138.67,66.67,0.50,-1,-1,-1
251,172,170.00,156.42,109.67,55.58,0.48,-1,-1,-1
252,173,1177.33,206.00,102.67,94.67,0.48,-1,-1,-1
252,174,30.17,139.17,83.92,46.17,0.47,-1,-1,-1
253,175,977.33,215.17,221.33,92.33,0.49,-1,-1,-1
254,176,759.33,213.50,210.67,87.67,0.48,-1,-1,-1
255,177,918.67,234.83,254.67,104.83,0.48,-1,-1,-1
255,178,568.67,201.50,178.00,79.67,0.48,-1,-1,-1
256,179,409.67,184.83,146.67,70.33,0.50,-1,-1,-1
256,180,1102.67,216.83,177.33,90.67,0.48,-1,-1,-1
256,181,647.33,225.83,224.00,97.00,0.47,-1,-1,-1
257,182,274.50,168.33,120.83,61.33,0.49,-1,-1,-1
257,183,870.67,219.33,217.33,84.67,0.48,-1,-1,-1
257,184,449.00,207.17,178.00,85.33,0.48,-1,-1,-1
258,182,291.00,185.33,142.67,72.33,0.48,-1,-1,-1
258,185,155.83,152.75,103.67,54.08,0.48,-1,-1,-1
258,186,632.33,207.00,189.00,78.33,0.47,-1,-1,-1
259,182,51.96,140.75,90.04,48.08,0.46,-1,-1,-1
259,185,157.67,165.75,118.67,62.75,0.48,-1,-1,-1
259,187,437.00,188.00,150.67,70.33,0.47,-1,-1,-1
260,185,0.08,127.67,39.75,44.17,0.46,-1,-1,-1
260,188,263.67,168.33,123.00,60.67,0.49,-1,-1,-1
260,189,45.88,150.58,102.62,56.25,0.46,-1,-1,-1
261,190,123.67,151.25,102.33,52.75,0.47,-1,-1,-1
261,191,0.08,135.25,40.25,53.92,0.44,-1,-1,-1
262,191,8.12,134.58,86.54,48.42,0.43,-1,-1,-1
270,192,58.00,258.67,279.67,187.33,0.48,-1,-1,-1
276,193,18.00,286.17,227.50,146.83,0.46,-1,-1,-1
281,194,568.00,239.67,191.33,80.67,0.42,-1,-1,-1
286,195,36.21,218.33,157.96,86.00,0.47,-1,-1,-1
287,196,211.67,256.67,204.33,108.33,0.48,-1,-1,-1
288,197,422.67,298.67,262.00,133.33,0.48,-1,-1,-1
288,198,1142.00,278.33,138.00,101.67,0.46,-1,-1,-1
289,199,635.33,332.83,330.67,155.17,0.50,-1,-1,-1
289,200,473.33,203.00,157.33,63.00,0.49,-1,-1,-1
290,201,153.33,159.00,103.33,48.67,0.45,-1,-1,-1
290,202,817.33,355.33,385.33,167.33,0.43,-1,-1,-1
291,202,958.00,368.00,322.00,168.00,0.49,-1,-1,-1
291,203,766.67,268.00,236.00,94.67,0.47,-1,-1,-1
292,202,1046.00,374.67,233.33,167.33,0.46,-1,-1,-1
292,204,274.33,198.67,133.67,61.00,0.45,-1,-1,-1
293,202,1092.00,378.33,186.67,163.33,0.46,-1,-1,-1
293,205,6.92,160.42,100.00,55.58,0.43,-1,-1,-1
294,202,1092.00,378.67,186.67,162.67,0.46,-1,-1,-1
294,206,510.00,227.50,196.00,80.67,0.47,-1,-1,-1
295,202,1092.00,378.33,186.67,162.67,0.46,-1,-1,-1
295,207,102.83,168.67,115.17,55.00,0.47,-1,-1,-1
296,202,1092.00,378.33,186.67,162.67,0.46,-1,-1,-1
297,202,1092.00,378.33,186.67,162.67,0.46,-1,-1,-1
298,202,1092.00,379.00,186.67,162.00,0.46,-1,-1,-1
298,208,500.33,225.00,189.00,80.00,0.48,-1,-1,-1
298,209,798.67,218.33,222.67,100.67,0.48,-1,-1,-1
299,202,1096.67,378.33,181.33,162.67,0.46,-1,-1,-1
299,210,386.33,175.33,140.00,72.33,0.49,-1,-1,-1
299,211,120.50,168.83,114.33,56.33,0.47,-1,-1,-1
300,202,1110.67,378.67,168.00,161.33,0.42,-1,-1,-1
300,211,148.50,145.67,102.00,58.33,0.48,-1,-1,-1
300,212,760.67,220.33,206.67,91.67,0.47,-1,-1,-1
301,202,1115.33,380.33,164.00,164.67,0.41,-1,-1,-1
301,213,334.67,174.50,132.00,65.00,0.50,-1,-1,-1
301,214,0.00,127.58,69.71,48.42,0.46,-1,-1,-1
302,202,1115.33,380.33,164.00,164.00,0.42,-1,-1,-1
302,215,97.42,144.92,97.92,51.58,0.47,-1,-1,-1
303,202,1115.33,380.67,164.00,163.33,0.42,-1,-1,-1
304,202,1115.33,380.33,164.00,164.00,0.41,-1,-1,-1
305,202,1115.33,379.67,164.00,164.00,0.42,-1,-1,-1
306,202,1115.33,379.67,164.00,164.00,0.42,-1,-1,-1
307,202,1134.00,379.33,145.33,158.67,0.46,-1,-1,-1
308,216,561.67,204.17,159.00,76.67,0.47,-1,-1,-1
309,217,208.17,159.92,108.33,56.92,0.49,-1,-1,-1
317,218,0.00,203.17,114.33,75.00,0.48,-1,-1,-1
318,219,62.96,222.50,157.38,84.67,0.47,-1,-1,-1
319,220,948.00,229.83,213.33,80.67,0.48,-1,-1,-1
319,221,137.33,238.67,178.33,96.33,0.47,-1,-1,-1
320,222,207.33,254.83,198.67,106.50,0.48,-1,-1,-1
320,223,620.00,227.00,201.33,73.67,0.44,-1,-1,-1
321,222,262.17,265.83,212.50,114.83,0.48,-1,-1,-1
321,224,359.67,205.00,156.67,67.00,0.49,-1,-1,-1
322,222,294.67,274.67,224.67,118.67,0.47,-1,-1,-1
322,225,169.92,179.67,121.42,58.33,0.49,-1,-1,-1
323,222,306.17,277.33,227.83,119.67,0.48,-1,-1,-1
323,226,18.08,159.00,98.00,54.33,0.45,-1,-1,-1
324,222,306.50,277.33,227.50,119.67,0.48,-1,-1,-1
325,222,306.50,277.33,227.50,119.67,0.48,-1,-1,-1
326,222,306.67,277.33,227.33,119.67,0.48,-1,-1,-1
327,222,306.67,277.33,227.33,119.67,0.48,-1,-1,-1
327,227,0.00,267.83,105.58,119.50,0.47,-1,-1,-1
328,222,306.67,277.17,227.33,119.50,0.48,-1,-1,-1
328,228,5.08,307.33,247.92,142.67,0.45,-1,-1,-1
329,222,307.00,277.33,227.33,119.00,0.48,-1,-1,-1
329,229,91.33,336.33,278.67,163.33,0.48,-1,-1,-1
330,222,306.50,277.17,227.50,118.83,0.48,-1,-1,-1
330,229,129.67,349.67,298.33,173.33,0.48,-1,-1,-1
331,222,306.50,277.17,227.50,118.50,0.48,-1,-1,-1
331,229,144.17,353.33,301.83,178.00,0.46,-1,-1,-1
332,222,306.67,277.17,227.33,118.50,0.48,-1,-1,-1
332,229,146.00,353.67,301.00,178.00,0.45,-1,-1,-1
333,222,306.67,277.17,227.33,118.50,0.48,-1,-1,-1
333,229,145.67,353.67,301.33,178.00,0.45,-1,-1,-1
334,222,310.67,279.00,230.67,118.67,0.40,-1,-1,-1
334,229,146.17,353.67,301.17,178.00,0.45,-1,-1,-1
335,222,335.00,283.00,234.00,122.67,0.48,-1,-1,-1
335,229,145.75,353.67,302.58,178.00,0.45,-1,-1,-1
335,230,0.00,197.33,95.25,84.67,0.48,-1,-1,-1
336,222,411.00,297.83,262.00,130.83,0.49,-1,-1,-1
336,229,143.50,354.00,309.17,178.00,0.45,-1,-1,-1
336,231,33.12,215.00,156.54,90.33,0.51,-1,-1,-1
337,222,564.67,318.67,316.00,142.67,0.48,-1,-1,-1
337,229,178.33,365.33,315.00,185.33,0.48,-1,-1,-1
337,232,120.17,233.00,173.67,105.67,0.47,-1,-1,-1
337,233,0.00,244.50,77.21,117.50,0.47,-1,-1,-1
338,222,796.67,333.50,364.00,145.83,0.47,-1,-1,-1
338,229,292.00,407.00,388.67,220.67,0.43,-1,-1,-1
338,233,0.04,254.83,123.13,128.83,0.44,-1,-1,-1
338,234,226.00,256.33,198.00,120.33,0.47,-1,-1,-1
339,222,1102.67,334.00,177.33,139.33,0.46,-1,-1,-1
339,233,0.25,268.17,178.75,137.83,0.46,-1,-1,-1
339,235,368.00,282.00,242.00,140.67,0.48,-1,-1,-1
339,236,0.00,195.67,64.17,78.67,0.47,-1,-1,-1
340,233,53.67,298.83,244.33,150.50,0.48,-1,-1,-1
340,237,589.00,310.33,293.67,150.67,0.49,-1,-1,-1
340,238,19.17,220.33,168.83,88.00,0.48,-1,-1,-1
341,233,243.00,354.00,310.67,196.00,0.49,-1,-1,-1
341,239,891.33,320.67,324.00,144.67,0.50,-1,-1,-1
341,240,174.67,255.17,210.00,106.17,0.48,-1,-1,-1
342,241,450.00,313.33,298.67,148.00,0.48,-1,-1,-1
342,242,1193.33,305.33,86.67,135.33,0.44,-1,-1,-1
343,243,0.75,165.33,175.58,213.00,0.42,-1,-1,-1
345,244,29.00,219.17,159.50,83.33,0.49,-1,-1,-1
346,245,199.67,257.33,204.33,108.33,0.48,-1,-1,-1
347,246,0.00,279.33,242.67,164.00,0.49,-1,-1,-1
347,247,423.33,300.50,276.00,131.83,0.49,-1,-1,-1
348,248,726.67,333.67,354.67,149.33,0.49,-1,-1,-1
350,250,0.23,252.50,60.77,116.83,0.45,-1,-1,-1
351,251,217.67,382.00,336.67,201.33,0.47,-1,-1,-1
361,252,0.00,187.83,63.67,77.67,0.49,-1,-1,-1
362,253,227.33,250.67,194.33,117.00,0.48,-1,-1,-1
370,254,364.00,143.33,36.67,31.83,0.42,-1,-1,-1
371,255,345.00,155.75,42.67,36.58,0.46,-1,-1,-1
372,256,318.00,172.00,52.67,45.33,0.49,-1,-1,-1
373,257,277.67,198.00,67.33,57.00,0.49,-1,-1,-1
373,258,360.67,147.50,38.67,34.33,0.44,-1,-1,-1
374,259,211.33,236.83,91.33,77.67,0.47,-1,-1,-1
374,260,335.50,162.42,47.50,41.75,0.47,-1,-1,-1
375,261,298.67,185.00,59.67,52.67,0.48,-1,-1,-1
375,262,84.54,307.67,144.29,123.33,0.47,-1,-1,-1
376,263,240.17,220.00,80.00,69.00,0.50,-1,-1,-1
376,264,333.83,166.25,46.83,37.92,0.46,-1,-1,-1
377,265,127.83,278.50,123.00,108.83,0.52,-1,-1,-1
377,266,300.67,187.17,57.33,47.67,0.46,-1,-1,-1
378,267,247.83,219.83,74.67,60.33,0.48,-1,-1,-1
378,268,0.25,419.00,90.50,236.00,0.44,-1,-1,-1
379,269,157.17,271.50,106.67,85.83,0.49,-1,-1,-1
379,270,919.33,294.00,168.00,117.33,0.47,-1,-1,-1
380,271,776.00,224.00,100.00,71.33,0.49,-1,-1,-1
380,272,0.12,384.33,145.21,162.67,0.48,-1,-1,-1
381,273,702.67,185.17,69.33,52.67,0.48,-1,-1,-1
381,274,358.67,141.83,38.67,37.17,0.45,-1,-1,-1
382,275,659.00,160.67,53.00,41.33,0.49,-1,-1,-1
382,276,341.00,151.83,44.67,43.33,0.48,-1,-1,-1
383,277,629.33,144.00,43.33,34.00,0.50,-1,-1,-1
383,278,315.33,166.17,53.33,51.33,0.49,-1,-1,-1
384,279,608.33,133.00,35.33,28.50,0.50,-1,-1,-1
384,280,276.33,185.67,65.33,64.33,0.49,-1,-1,-1
385,281,216.33,214.50,86.33,83.67,0.49,-1,-1,-1
385,282,590.67,124.67,30.67,24.67,0.48,-1,-1,-1
385,283,369.00,149.83,37.33,31.00,0.43,-1,-1,-1
386,284,114.42,258.00,123.25,117.67,0.49,-1,-1,-1
386,285,342.67,168.33,47.33,39.00,0.47,-1,-1,-1
386,286,577.67,118.00,26.00,21.50,0.44,-1,-1,-1
387,287,301.50,198.67,61.83,51.00,0.48,-1,-1,-1
387,288,0.00,350.67,115.00,202.00,0.48,-1,-1,-1
388,289,226.33,247.00,91.67,74.00,0.49,-1,-1,-1
389,290,56.83,350.00,165.33,135.33,0.48,-1,-1,-1
405,291,0.00,381.33,240.33,141.33,0.47,-1,-1,-1
405,292,434.67,150.17,36.00,31.33,0.43,-1,-1,-1
406,292,428.33,161.58,42.00,35.58,0.47,-1,-1,-1
406,293,281.67,323.50,288.67,118.50,0.45,-1,-1,-1
407,292,422.33,174.67,46.67,41.67,0.49,-1,-1,-1
407,294,558.00,272.00,189.33,95.33,0.48,-1,-1,-1
408,292,415.00,188.00,54.67,48.33,0.49,-1,-1,-1
408,295,697.33,235.50,106.67,73.00,0.48,-1,-1,-1
408,296,0.00,344.67,209.33,128.00,0.46,-1,-1,-1
409,292,408.33,202.33,60.00,53.67,0.49,-1,-1,-1
409,297,721.33,207.83,77.33,59.33,0.49,-1,-1,-1
409,298,471.00,262.50,186.00,94.83,0.48,-1,-1,-1
410,292,402.67,213.83,65.33,58.67,0.49,-1,-1,-1
410,297,693.33,215.50,93.33,72.33,0.48,-1,-1,-1
410,299,692.00,185.33,70.67,42.67,0.49,-1,-1,-1
411,292,398.33,222.00,69.33,63.33,0.50,-1,-1,-1
411,297,663.00,164.83,57.67,43.33,0.46,-1,-1,-1
411,299,703.33,186.83,70.67,55.00,0.47,-1,-1,-1
412,292,395.33,226.50,72.00,65.00,0.50,-1,-1,-1
412,300,640.33,157.25,64.33,52.08,0.46,-1,-1,-1
413,292,394.00,228.00,73.33,64.67,0.50,-1,-1,-1
413,301,593.00,147.33,48.67,36.00,0.48,-1,-1,-1
413,297,663.00,164.83,57.67,43.33,0.46,-1,-1,-1
414,292,394.00,228.00,73.33,65.00,0.50,-1,-1,-1
414,297,603.00,131.75,36.67,27.17,0.48,-1,-1,-1
414,302,559.67,133.25,38.00,31.50,0.44,-1,-1,-1
415,292,394.00,228.00,73.33,65.00,0.50,-1,-1,-1
415,297,588.67,124.42,32.00,23.83,0.48,-1,-1,-1
416,292,394.00,228.00,73.33,64.67,0.50,-1,-1,-1
416,297,578.33,118.25,28.00,20.83,0.43,-1,-1,-1
417,292,394.00,228.00,73.33,65.00,0.50,-1,-1,-1
417,297,571.00,113.08,24.00,19.00,0.32,-1,-1,-1
417,303,80.83,324.00,257.00,120.67,0.48,-1,-1,-1
418,292,393.67,228.00,72.67,63.67,0.50,-1,-1,-1
418,297,564.67,109.00,22.00,18.17,0.17,-1,-1,-1
418,304,418.33,278.33,188.00,95.33,0.49,-1,-1,-1
419,292,393.67,228.00,74.00,65.00,0.50,-1,-1,-1
419,305,620.00,238.67,120.67,78.67,0.49,-1,-1,-1
420,292,394.00,228.00,73.33,64.67,0.50,-1,-1,-1
420,306,702.00,209.83,74.67,63.00,0.49,-1,-1,-1
421,292,394.00,228.00,73.33,64.67,0.50,-1,-1,-1
421,307,698.67,187.17,64.00,51.67,0.49,-1,-1,-1
422,292,394.00,228.00,73.33,64.67,0.50,-1,-1,-1
422,308,671.67,167.33,55.67,44.67,0.50,-1,-1,-1
423,292,393.33,228.00,74.00,64.67,0.50,-1,-1,-1
423,309,645.00,152.75,47.00,37.08,0.50,-1,-1,-1
424,292,393.67,227.83,74.00,65.00,0.50,-1,-1,-1
424,310,623.00,140.83,39.33,31.17,0.49,-1,-1,-1
425,292,393.67,228.00,74.00,64.67,0.50,-1,-1,-1
425,311,608.33,131.58,33.33,26.50,0.49,-1,-1,-1
426,292,393.67,228.00,74.00,65.00,0.50,-1,-1,-1
426,312,599.00,123.92,28.67,23.33,0.47,-1,-1,-1
427,292,393.33,229.33,74.00,65.00,0.50,-1,-1,-1
427,313,591.67,117.08,25.33,20.83,0.41,-1,-1,-1
428,292,393.33,230.17,73.33,65.33,0.50,-1,-1,-1
429,292,392.67,231.00,74.00,66.00,0.49,-1,-1,-1
430,292,392.00,232.33,74.67,67.67,0.50,-1,-1,-1
431,292,391.00,234.33,75.33,68.67,0.50,-1,-1,-1
432,292,390.00,237.17,77.33,69.00,0.50,-1,-1,-1
433,292,387.33,243.00,78.67,70.67,0.50,-1,-1,-1
434,292,381.67,256.33,86.00,80.67,0.49,-1,-1,-1
435,292,370.00,282.83,99.33,97.17,0.50,-1,-1,-1
436,292,346.67,334.00,124.00,126.00,0.48,-1,-1,-1
437,292,280.67,440.33,190.00,200.67,0.49,-1,-1,-1
437,314,811.33,503.33,285.33,216.67,0.48,-1,-1,-1
438,315,714.67,371.67,178.67,142.67,0.48,-1,-1,-1
439,316,660.00,290.17,122.67,101.50,0.52,-1,-1,-1
439,317,1106.00,422.00,173.33,208.00,0.43,-1,-1,-1
440,318,622.00,239.33,91.33,75.00,0.49,-1,-1,-1
440,319,784.67,440.00,240.00,190.67,0.49,-1,-1,-1
440,320,915.33,303.00,208.00,138.67,0.48,-1,-1,-1
441,321,802.00,242.50,136.00,96.50,0.52,-1,-1,-1
441,322,595.33,205.00,71.33,58.67,0.50,-1,-1,-1
441,323,698.67,326.00,152.00,125.33,0.47,-1,-1,-1
442,324,728.67,203.17,96.00,71.33,0.50,-1,-1,-1
442,325,577.67,180.00,56.67,46.67,0.50,-1,-1,-1
442,326,645.00,260.33,107.00,90.67,0.49,-1,-1,-1
442,327,1029.33,350.67,228.00,137.33,0.48,-1,-1,-1
443,328,864.00,265.33,138.67,89.00,0.52,-1,-1,-1
443,329,607.00,219.33,81.67,68.33,0.51,-1,-1,-1
443,330,567.33,161.83,46.00,39.00,0.49,-1,-1,-1
443,331,677.67,176.50,73.00,54.67,0.49,-1,-1,-1
444,332,584.00,189.00,63.33,54.67,0.50,-1,-1,-1
444,333,764.67,217.83,94.67,62.67,0.49,-1,-1,-1
444,334,558.67,148.17,39.33,33.00,0.47,-1,-1,-1
444,335,643.00,155.50,57.00,45.67,0.45,-1,-1,-1
445,336,619.33,141.00,46.67,37.83,0.50,-1,-1,-1
445,337,569.67,168.33,50.67,45.33,0.49,-1,-1,-1
445,338,702.00,185.00,69.33,49.33,0.47,-1,-1,-1
445,339,551.67,138.08,34.00,28.33,0.41,-1,-1,-1
446,340,660.00,162.33,54.67,39.67,0.50,-1,-1,-1
446,341,557.67,153.00,43.33,37.00,0.49,-1,-1,-1
446,342,601.00,131.25,39.33,31.83,0.48,-1,-1,-1
447,343,631.00,146.17,44.00,32.50,0.51,-1,-1,-1
447,344,585.67,123.17,34.00,27.33,0.48,-1,-1,-1
447,345,549.00,141.33,36.00,31.67,0.46,-1,-1,-1
448,346,610.00,134.42,36.00,28.17,0.50,-1,-1,-1
448,347,573.67,116.58,28.67,23.67,0.44,-1,-1,-1
449,348,592.67,126.25,30.67,23.67,0.48,-1,-1,-1
450,349,578.33,118.42,26.67,20.83,0.42,-1,-1,-1
466,350,617.33,493.67,346.67,226.33,0.48,-1,-1,-1
466,351,1162.67,458.00,117.33,185.33,0.41,-1,-1,-1
466,292,280.67,440.33,190.00,200.67,0.35,-1,-1,-1
467,292,349.33,148.83,40.67,38.00,0.46,-1,-1,-1
467,352,848.00,273.00,130.67,87.33,0.51,-1,-1,-1
467,353,521.67,418.67,277.00,204.00,0.49,-1,-1,-1
468,292,323.50,164.67,49.50,45.67,0.48,-1,-1,-1
468,353,472.33,387.67,247.00,178.67,0.49,-1,-1,-1
468,354,730.00,208.33,80.00,56.67,0.49,-1,-1,-1
469,292,282.67,187.00,64.00,60.00,0.49,-1,-1,-1
469,353,436.67,370.00,236.67,165.33,0.49,-1,-1,-1
469,355,671.00,173.67,57.67,42.67,0.50,-1,-1,-1
470,292,217.00,222.50,86.67,79.33,0.50,-1,-1,-1
470,353,391.67,354.00,232.67,153.33,0.49,-1,-1,-1
470,356,636.67,152.00,44.67,34.00,0.49,-1,-1,-1
471,292,91.75,282.50,135.58,125.17,0.48,-1,-1,-1
471,353,335.33,338.17,232.67,143.50,0.49,-1,-1,-1
471,357,613.00,137.83,36.67,28.17,0.49,-1,-1,-1
471,358,698.67,490.67,370.67,228.00,0.48,-1,-1,-1
472,353,232.17,325.67,249.83,130.00,0.49,-1,-1,-1
472,358,599.67,439.33,337.67,220.67,0.46,-1,-1,-1
472,359,594.33,128.58,31.33,23.67,0.48,-1,-1,-1
473,358,455.67,390.67,309.67,185.33,0.49,-1,-1,-1
473,360,52.00,316.83,270.00,115.17,0.49,-1,-1,-1
473,361,977.33,486.00,302.67,231.33,0.48,-1,-1,-1
473,362,580.00,120.50,27.33,21.00,0.45,-1,-1,-1
474,358,273.33,360.00,302.00,154.67,0.49,-1,-1,-1
474,363,744.00,297.00,162.67,123.33,0.48,-1,-1,-1
474,364,0.00,320.83,85.75,108.17,0.46,-1,-1,-1
475,358,34.17,344.00,302.00,132.00,0.49,-1,-1,-1
475,365,648.67,230.00,102.67,76.33,0.49,-1,-1,-1
476,366,602.33,190.33,73.33,58.00,0.49,-1,-1,-1
477,367,576.00,167.58,58.00,45.75,0.49,-1,-1,-1
478,368,560.00,150.33,46.00,37.67,0.49,-1,-1,-1
479,369,551.33,138.92,38.67,32.25,0.45,-1,-1,-1
480,369,545.33,130.50,34.00,29.00,0.39,-1,-1,-1
481,369,541.33,124.25,30.00,25.33,0.23,-1,-1,-1
483,370,757.33,152.67,249.33,189.33,0.49,-1,-1,-1
483,371,738.67,340.67,176.00,128.67,0.47,-1,-1,-1
484,372,614.67,219.17,84.67,64.00,0.49,-1,-1,-1
484,373,693.33,135.17,162.67,133.67,0.48,-1,-1,-1
485,374,654.00,122.25,117.33,103.75,0.51,-1,-1,-1
485,375,573.00,171.33,52.67,43.00,0.50,-1,-1,-1
486,374,628.67,112.83,90.00,85.50,0.49,-1,-1,-1
486,376,558.33,146.33,38.67,32.33,0.45,-1,-1,-1
487,374,609.33,106.33,74.00,70.67,0.51,-1,-1,-1
487,377,553.00,130.50,30.00,26.83,0.41,-1,-1,-1
488,374,594.67,101.67,63.33,61.00,0.50,-1,-1,-1
489,374,583.67,98.50,54.67,53.67,0.50,-1,-1,-1
490,374,574.00,95.25,48.00,48.50,0.49,-1,-1,-1
491,374,565.67,92.00,42.00,43.50,0.46,-1,-1,-1
492,374,556.33,89.83,40.00,40.00,0.47,-1,-1,-1
493,374,553.33,88.83,32.67,35.83,0.27,-1,-1,-1
494,374,547.67,88.83,30.67,33.00,0.12,-1,-1,-1
498,378,0.33,411.33,154.50,131.33,0.45,-1,-1,-1
499,379,191.17,364.33,300.83,134.67,0.49,-1,-1,-1
500,380,498.00,321.17,235.33,114.17,0.47,-1,-1,-1
501,381,699.33,280.67,154.67,93.33,0.48,-1,-1,-1
502,382,789.33,247.17,96.00,76.67,0.49,-1,-1,-1
503,382,798.00,221.17,76.00,63.67,0.50,-1,-1,-1
504,382,780.00,200.33,68.00,55.00,0.49,-1,-1,-1
504,383,0.00,402.67,134.67,112.67,0.42,-1,-1,-1
505,382,757.33,183.50,61.33,46.67,0.48,-1,-1,-1
505,384,465.33,300.33,223.33,102.67,0.48,-1,-1,-1
506,382,732.67,170.17,54.67,40.67,0.48,-1,-1,-1
506,385,744.00,244.50,110.67,74.00,0.49,-1,-1,-1
507,382,707.33,158.92,49.33,35.25,0.49,-1,-1,-1
507,386,776.00,209.83,76.00,56.33,0.48,-1,-1,-1
508,382,684.00,148.83,44.00,32.17,0.49,-1,-1,-1
508,387,726.67,185.67,70.67,46.33,0.49,-1,-1,-1
509,382,666.33,140.25,39.00,29.42,0.46,-1,-1,-1
509,388,684.00,168.17,58.67,39.00,0.48,-1,-1,-1
510,389,648.00,151.00,50.00,36.33,0.47,-1,-1,-1
510,390,650.33,132.92,35.67,25.83,0.45,-1,-1,-1
511,391,639.00,127.83,29.33,24.67,0.46,-1,-1,-1
511,392,619.67,142.25,42.00,29.58,0.43,-1,-1,-1
512,393,599.67,133.58,35.33,25.83,0.47,-1,-1,-1
513,394,584.33,126.67,32.00,23.00,0.48,-1,-1,-1
513,382,666.33,140.25,39.00,29.42,0.44,-1,-1,-1
514,395,574.00,120.25,26.67,21.00,0.42,-1,-1,-1
514,396,609.00,115.83,24.67,19.50,0.40,-1,-1,-1
515,396,600.67,112.50,24.00,18.67,0.38,-1,-1,-1
516,396,594.67,110.42,22.00,17.50,0.33,-1,-1,-1
517,396,589.00,108.42,20.67,16.67,0.35,-1,-1,-1
518,396,584.33,106.42,19.33,16.00,0.24,-1,-1,-1
519,396,580.00,105.17,18.67,14.83,0.14,-1,-1,-1
520,396,575.67,103.00,18.00,15.17,0.18,-1,-1,-1
521,396,571.67,102.08,16.67,14.00,0.10,-1,-1,-1
521,397,284.83,153.58,41.67,34.42,0.41,-1,-1,-1
522,398,261.83,164.33,47.67,39.33,0.48,-1,-1,-1
523,399,236.33,176.33,53.67,44.67,0.49,-1,-1,-1
524,400,205.33,190.67,61.67,49.67,0.50,-1,-1,-1
525,401,165.00,207.33,74.33,57.00,0.48,-1,-1,-1
526,402,95.75,225.67,99.25,67.67,0.49,-1,-1,-1
527,403,0.38,251.50,101.46,78.33,0.49,-1,-1,-1
532,404,934.00,554.67,346.00,165.33,0.45,-1,-1,-1
533,405,783.33,384.00,198.67,138.67,0.48,-1,-1,-1
534,406,700.00,293.50,129.33,92.83,0.51,-1,-1,-1
535,407,648.67,239.33,93.33,67.00,0.48,-1,-1,-1
536,408,613.67,204.00,70.33,52.00,0.49,-1,-1,-1
537,409,588.00,179.17,56.00,42.33,0.49,-1,-1,-1
538,410,570.33,160.67,46.00,35.67,0.50,-1,-1,-1
539,411,558.67,147.25,38.67,30.25,0.46,-1,-1,-1
540,412,548.00,137.17,34.67,26.67,0.41,-1,-1,-1
542,413,309.50,145.50,40.17,32.33,0.44,-1,-1,-1
543,414,289.17,152.67,45.00,38.33,0.48,-1,-1,-1
553,415,702.00,388.33,269.33,160.67,0.48,-1,-1,-1
554,416,475.00,317.33,89.33,61.33,0.48,-1,-1,-1
555,417,712.00,344.67,230.67,126.00,0.48,-1,-1,-1
555,418,414.67,297.50,48.00,37.67,0.44,-1,-1,-1
556,419,502.67,300.67,75.33,52.00,0.47,-1,-1,-1
556,420,386.67,288.50,34.67,27.67,0.43,-1,-1,-1
557,421,438.67,286.17,44.00,34.00,0.47,-1,-1,-1
558,422,407.00,281.00,30.67,24.33,0.41,-1,-1,-1
563,423,703.33,384.00,269.33,144.00,0.49,-1,-1,-1
564,424,473.67,311.83,82.00,53.50,0.48,-1,-1,-1
564,425,583.00,375.33,247.67,175.33,0.45,-1,-1,-1
565,424,452.67,316.67,85.33,65.33,0.48,-1,-1,-1
565,426,413.33,293.00,44.00,33.67,0.43,-1,-1,-1
566,424,386.33,285.67,30.00,24.33,0.38,-1,-1,-1
566,426,409.67,297.17,48.67,41.00,0.48,-1,-1,-1
567,427,386.33,288.83,33.33,29.00,0.42,-1,-1,-1
578,428,224.67,294.00,35.33,30.33,0.42,-1,-1,-1
579,429,203.33,300.17,44.00,38.50,0.47,-1,-1,-1
580,430,173.17,309.00,58.33,52.67,0.49,-1,-1,-1
581,431,125.00,325.00,84.00,72.67,0.49,-1,-1,-1
582,432,47.46,348.00,125.54,112.00,0.50,-1,-1,-1
582,433,106.42,309.83,58.50,48.83,0.44,-1,-1,-1
583,434,54.08,323.50,77.50,59.83,0.50,-1,-1,-1
583,435,0.04,376.00,122.46,187.33,0.44,-1,-1,-1
583,436,191.00,296.67,33.33,26.67,0.44,-1,-1,-1
584,437,0.00,336.83,86.50,82.83,0.49,-1,-1,-1
584,438,167.75,302.17,40.08,32.00,0.47,-1,-1,-1
585,439,141.83,307.00,47.83,38.33,0.49,-1,-1,-1
585,440,164.83,291.83,24.67,22.33,0.43,-1,-1,-1
585,441,0.11,365.00,33.59,96.67,0.40,-1,-1,-1
586,442,111.00,315.83,56.00,44.83,0.46,-1,-1,-1
587,443,76.00,323.50,69.00,54.17,0.49,-1,-1,-1
588,443,42.25,332.00,81.50,64.00,0.50,-1,-1,-1
589,443,6.75,340.67,94.83,74.00,0.49,-1,-1,-1
590,443,0.00,349.33,81.75,82.00,0.51,-1,-1,-1
591,444,0.10,357.67,63.73,90.00,0.49,-1,-1,-1
591,445,230.67,296.67,33.33,28.67,0.45,-1,-1,-1
592,444,0.00,360.67,50.08,101.33,0.47,-1,-1,-1
592,446,212.33,303.00,41.33,35.67,0.46,-1,-1,-1
593,444,0.00,361.67,45.62,102.67,0.47,-1,-1,-1
593,446,190.67,309.67,53.00,44.67,0.48,-1,-1,-1
594,444,0.00,361.33,45.54,105.33,0.46,-1,-1,-1
594,446,165.92,319.17,65.75,54.83,0.48,-1,-1,-1
594,447,225.33,289.83,35.33,35.33,0.43,-1,-1,-1
595,444,0.00,361.33,45.46,105.33,0.46,-1,-1,-1
595,446,138.67,327.00,81.00,68.00,0.49,-1,-1,-1
595,447,213.33,293.33,41.67,40.00,0.48,-1,-1,-1
596,444,0.00,361.33,45.50,103.33,0.47,-1,-1,-1
596,446,115.83,334.67,91.83,79.33,0.50,-1,-1,-1
596,447,200.67,296.33,47.33,46.33,0.48,-1,-1,-1
597,444,0.00,361.67,45.46,102.67,0.47,-1,-1,-1
597,446,97.67,341.67,101.00,88.67,0.50,-1,-1,-1
597,447,187.00,299.83,54.33,53.17,0.49,-1,-1,-1
598,444,0.15,360.67,45.27,110.00,0.48,-1,-1,-1
598,446,83.46,346.33,108.71,96.67,0.49,-1,-1,-1
598,447,172.33,303.33,62.00,58.33,0.49,-1,-1,-1
599,444,0.00,361.00,45.38,106.00,0.48,-1,-1,-1
599,446,74.08,350.67,112.58,101.33,0.50,-1,-1,-1
599,447,160.83,306.67,67.00,64.00,0.49,-1,-1,-1
600,444,0.00,361.33,45.08,105.33,0.48,-1,-1,-1
600,446,67.17,352.00,118.17,104.67,0.50,-1,-1,-1
600,447,152.58,307.17,71.58,71.17,0.50,-1,-1,-1
601,444,0.00,361.00,45.00,105.33,0.48,-1,-1,-1
601,446,65.21,353.00,118.46,105.33,0.52,-1,-1,-1
601,447,144.92,309.17,74.75,74.50,0.50,-1,-1,-1
602,444,0.00,361.00,45.00,105.33,0.48,-1,-1,-1
602,446,64.38,353.00,118.96,106.00,0.52,-1,-1,-1
602,447,141.83,309.83,77.00,74.50,0.50,-1,-1,-1
603,444,0.00,361.00,45.00,105.33,0.48,-1,-1,-1
603,446,63.88,353.33,119.29,106.67,0.52,-1,-1,-1
603,447,141.00,310.67,77.00,74.67,0.50,-1,-1,-1
604,444,0.00,361.33,44.96,105.33,0.48,-1,-1,-1
604,446,63.92,353.33,119.08,108.00,0.52,-1,-1,-1
604,447,139.33,311.17,78.67,76.17,0.50,-1,-1,-1
605,444,0.00,361.33,44.96,105.33,0.48,-1,-1,-1
605,446,63.96,353.00,119.21,108.00,0.52,-1,-1,-1
605,447,139.00,311.17,79.33,76.17,0.50,-1,-1,-1
606,444,0.00,361.33,44.92,105.33,0.48,-1,-1,-1
606,446,64.08,353.33,119.25,106.00,0.52,-1,-1,-1
606,447,138.58,311.67,78.75,74.00,0.50,-1,-1,-1
607,444,0.00,361.33,44.92,105.33,0.48,-1,-1,-1
607,446,64.08,353.33,119.25,106.00,0.52,-1,-1,-1
607,447,138.83,311.67,78.67,74.00,0.50,-1,-1,-1
608,444,0.00,361.33,44.92,105.33,0.48,-1,-1,-1
608,446,64.29,353.33,118.71,106.00,0.52,-1,-1,-1
608,447,137.42,312.33,80.25,74.00,0.50,-1,-1,-1
609,444,0.00,361.33,44.92,105.33,0.48,-1,-1,-1
609,446,64.21,353.33,118.79,106.00,0.52,-1,-1,-1
609,447,137.33,311.67,80.33,75.33,0.50,-1,-1,-1
610,444,0.00,361.33,44.92,105.33,0.48,-1,-1,-1
610,446,64.21,353.00,118.79,106.00,0.52,-1,-1,-1
610,447,137.33,311.50,80.33,75.50,0.50,-1,-1,-1
611,444,0.00,361.33,44.92,105.33,0.48,-1,-1,-1
611,446,64.12,353.33,118.71,106.00,0.52,-1,-1,-1
611,447,137.42,311.67,80.58,74.67,0.50,-1,-1,-1
612,444,0.00,361.33,44.92,105.33,0.48,-1,-1,-1
612,446,64.04,353.33,118.79,106.00,0.52,-1,-1,-1
612,447,137.42,311.67,80.58,74.67,0.50,-1,-1,-1
613,444,0.00,361.33,44.92,105.33,0.48,-1,-1,-1
613,446,64.25,353.67,118.75,105.33,0.52,-1,-1,-1
613,447,137.67,312.00,80.00,74.67,0.50,-1,-1,-1
613,448,223.50,298.17,38.67,32.67,0.45,-1,-1,-1
614,444,0.00,363.00,40.50,103.33,0.48,-1,-1,-1
614,446,62.25,354.33,120.08,108.00,0.51,-1,-1,-1
614,447,137.67,312.17,80.33,74.50,0.50,-1,-1,-1
614,448,213.67,301.33,44.00,36.33,0.46,-1,-1,-1
615,444,0.00,369.00,29.67,100.67,0.43,-1,-1,-1
615,446,55.25,356.00,124.42,111.33,0.48,-1,-1,-1
615,447,137.83,312.67,79.33,74.00,0.50,-1,-1,-1
615,448,208.17,304.33,45.33,39.33,0.45,-1,-1,-1
616,446,27.79,367.67,139.71,127.33,0.48,-1,-1,-1
616,447,136.00,314.33,80.33,74.67,0.50,-1,-1,-1
616,448,200.33,306.67,49.33,42.33,0.44,-1,-1,-1
617,446,0.00,406.00,127.17,200.67,0.41,-1,-1,-1
617,447,128.00,314.33,85.67,86.67,0.49,-1,-1,-1
617,448,195.00,309.50,51.00,44.17,0.46,-1,-1,-1
618,447,112.42,318.33,94.92,96.00,0.49,-1,-1,-1
618,448,186.50,311.33,56.00,48.67,0.45,-1,-1,-1
619,447,76.00,325.67,114.83,116.00,0.51,-1,-1,-1
619,448,178.17,315.00,59.33,54.00,0.46,-1,-1,-1
620,447,2.04,343.33,156.29,157.33,0.48,-1,-1,-1
620,448,156.92,320.00,74.75,62.67,0.49,-1,-1,-1
621,448,126.17,329.50,91.00,79.17,0.48,-1,-1,-1
622,448,62.00,352.33,126.50,111.33,0.51,-1,-1,-1
622,449,1060.00,486.67,220.00,228.67,0.43,-1,-1,-1
623,450,614.33,348.67,211.00,121.33,0.49,-1,-1,-1
624,451,477.33,314.33,99.33,64.00,0.49,-1,-1,-1
624,452,803.33,402.67,374.67,204.00,0.48,-1,-1,-1
625,453,543.00,327.17,143.67,89.83,0.51,-1,-1,-1
625,454,423.00,297.17,57.33,43.50,0.47,-1,-1,-1
626,455,456.00,305.17,76.67,52.50,0.49,-1,-1,-1
626,456,730.67,348.67,156.00,86.00,0.48,-1,-1,-1
626,457,396.67,289.17,37.33,31.33,0.45,-1,-1,-1
627,458,414.67,292.33,48.67,38.00,0.48,-1,-1,-1
627,459,548.67,311.50,77.33,48.50,0.47,-1,-1,-1
627,460,379.00,284.17,28.67,25.00,0.40,-1,-1,-1
628,461,699.33,377.67,296.00,166.67,0.49,-1,-1,-1
628,462,470.67,296.33,47.33,32.33,0.47,-1,-1,-1
628,463,392.00,286.33,34.00,28.67,0.43,-1,-1,-1
629,464,513.00,323.67,120.67,76.67,0.49,-1,-1,-1
629,465,427.67,287.83,34.00,25.33,0.42,-1,-1,-1
629,466,374.67,281.83,28.67,24.33,0.40,-1,-1,-1
630,467,441.33,302.83,70.67,49.50,0.47,-1,-1,-1
631,468,404.33,292.83,48.00,35.33,0.48,-1,-1,-1
631,469,387.67,280.33,20.67,17.33,0.40,-1,-1,-1
632,470,383.67,286.83,34.67,28.00,0.41,-1,-1,-1
635,471,534.67,256.50,208.67,123.17,0.44,-1,-1,-1
636,472,480.67,258.33,132.00,90.33,0.49,-1,-1,-1
637,473,447.33,259.83,92.00,69.33,0.48,-1,-1,-1
638,473,424.00,260.67,67.33,56.00,0.48,-1,-1,-1
638,474,219.50,303.33,40.33,37.33,0.42,-1,-1,-1
639,473,404.67,260.33,58.00,48.00,0.47,-1,-1,-1
639,475,168.50,321.00,69.67,58.00,0.47,-1,-1,-1
640,473,392.33,261.50,46.00,42.00,0.38,-1,-1,-1
640,476,57.33,362.67,128.33,115.33,0.52,-1,-1,-1
641,473,381.00,262.33,38.67,36.00,0.42,-1,-1,-1
642,473,374.33,262.00,32.67,34.00,0.38,-1,-1,-1
643,473,368.67,262.50,28.67,31.00,0.32,-1,-1,-1
644,473,364.33,262.67,24.67,28.00,0.35,-1,-1,-1
645,473,360.33,263.33,24.67,26.33,0.34,-1,-1,-1
646,473,355.67,263.00,23.33,25.33,0.39,-1,-1,-1
646,477,1032.67,468.00,247.33,235.33,0.41,-1,-1,-1
647,473,353.67,263.83,22.67,23.67,0.29,-1,-1,-1
647,478,504.00,319.67,101.33,62.00,0.48,-1,-1,-1
648,473,349.00,263.83,22.67,22.67,0.22,-1,-1,-1
648,479,416.33,294.17,48.00,34.00,0.45,-1,-1,-1
649,473,347.33,264.50,20.00,20.33,0.22,-1,-1,-1
650,473,345.00,264.17,20.00,19.33,0.10,-1,-1,-1
666,480,968.00,477.67,312.00,238.33,0.40,-1,-1,-1
667,481,520.00,335.83,118.67,80.17,0.49,-1,-1,-1
668,482,429.00,305.50,59.33,45.17,0.43,-1,-1,-1
669,483,784.00,410.67,320.00,160.00,0.49,-1,-1,-1
669,484,392.33,294.50,38.67,30.33,0.44,-1,-1,-1
670,485,514.00,328.17,110.00,63.83,0.49,-1,-1,-1
671,486,436.67,303.50,58.67,38.83,0.48,-1,-1,-1
672,487,405.33,292.50,34.67,27.00,0.45,-1,-1,-1
673,488,382.33,286.67,28.00,22.67,0.42,-1,-1,-1
677,489,219.83,294.67,37.00,35.33,0.45,-1,-1,-1
678,489,204.00,299.17,44.67,41.83,0.48,-1,-1,-1
679,489,181.33,305.00,56.67,51.00,0.48,-1,-1,-1
680,489,155.17,310.50,69.33,68.17,0.50,-1,-1,-1
681,489,118.17,321.00,90.00,88.67,0.50,-1,-1,-1
682,489,70.33,332.50,117.50,118.83,0.48,-1,-1,-1
683,489,11.62,348.67,151.71,155.33,0.47,-1,-1,-1
684,489,0.00,366.33,136.33,211.33,0.47,-1,-1,-1
685,490,0.00,386.67,104.67,261.33,0.41,-1,-1,-1
707,491,167.75,301.83,44.25,33.67,0.47,-1,-1,-1
708,492,103.42,318.83,62.83,44.17,0.49,-1,-1,-1
709,493,0.29,347.00,83.50,75.33,0.49,-1,-1,-1
713,494,780.00,399.33,296.00,168.67,0.49,-1,-1,-1
714,495,529.33,327.00,114.00,74.00,0.49,-1,-1,-1
715,496,1008.00,411.67,272.00,159.33,0.47,-1,-1,-1
715,497,447.67,302.67,60.00,45.00,0.47,-1,-1,-1
716,498,636.00,324.33,129.33,74.00,0.50,-1,-1,-1
716,499,409.67,291.33,40.67,33.33,0.42,-1,-1,-1
717,500,507.67,303.33,66.00,41.67,0.47,-1,-1,-1
718,501,848.67,433.00,362.67,195.33,0.48,-1,-1,-1
718,502,449.00,290.00,41.33,30.33,0.44,-1,-1,-1
719,503,548.00,336.67,126.00,76.67,0.49,-1,-1,-1
720,504,457.00,308.00,65.33,44.00,0.47,-1,-1,-1
721,505,414.67,294.33,44.67,32.33,0.46,-1,-1,-1
740,506,96.67,440.00,357.67,277.33,0.46,-1,-1,-1
742,507,1166.67,580.00,113.33,140.00,0.44,-1,-1,-1
743,508,982.00,272.67,158.67,129.67,0.48,-1,-1,-1
744,509,781.33,235.00,114.67,119.67,0.51,-1,-1,-1
744,510,914.00,167.67,94.67,78.67,0.49,-1,-1,-1
745,511,880.67,118.08,65.33,55.25,0.49,-1,-1,-1
745,512,778.67,126.58,61.33,60.75,0.49,-1,-1,-1
745,513,1185.33,528.33,94.67,190.33,0.45,-1,-1,-1
745,514,654.00,47.21,31.33,25.75,0.40,-1,-1,-1
746,515,860.67,88.33,49.33,42.83,0.49,-1,-1,-1
746,516,780.00,81.71,42.67,41.46,0.48,-1,-1,-1
746,517,1000.00,267.33,160.00,121.00,0.47,-1,-1,-1
746,518,611.00,66.71,44.00,34.54,0.47,-1,-1,-1
747,519,926.67,169.17,97.33,72.33,0.49,-1,-1,-1
747,520,528.67,103.67,68.67,54.83,0.49,-1,-1,-1
747,521,848.00,70.50,40.00,34.17,0.46,-1,-1,-1
747,522,783.33,59.00,33.33,29.83,0.41,-1,-1,-1
748,523,304.17,204.67,145.83,107.00,0.52,-1,-1,-1
748,524,890.67,120.50,66.67,51.17,0.48,-1,-1,-1
748,525,840.67,58.00,32.00,29.00,0.44,-1,-1,-1
749,526,867.33,91.00,52.00,40.67,0.48,-1,-1,-1
750,527,854.00,72.67,41.33,32.33,0.46,-1,-1,-1
750,528,828.67,42.04,24.00,21.25,0.43,-1,-1,-1
751,528,824.00,35.94,21.33,18.98,0.38,-1,-1,-1
751,529,843.33,60.04,34.67,27.38,0.46,-1,-1,-1
752,528,820.67,32.19,20.00,16.35,0.25,-1,-1,-1
753,528,818.67,28.25,17.33,15.00,0.10,-1,-1,-1
754,530,658.67,41.50,31.33,24.92,0.42,-1,-1,-1
755,531,632.67,51.25,38.00,32.33,0.46,-1,-1,-1
756,532,612.00,109.17,66.67,61.33,0.50,-1,-1,-1
756,533,590.00,68.96,50.00,41.04,0.47,-1,-1,-1
757,534,520.67,98.25,70.67,59.00,0.49,-1,-1,-1
757,535,460.67,205.50,134.67,129.67,0.47,-1,-1,-1
758,536,378.00,162.58,119.33,96.42,0.49,-1,-1,-1
759,537,652.00,86.42,42.00,42.67,0.48,-1,-1,-1
760,538,590.00,128.17,71.33,65.50,0.50,-1,-1,-1
761,539,429.33,234.00,138.00,128.00,0.48,-1,-1,-1
761,540,643.00,51.58,32.00,25.00,0.42,-1,-1,-1
762,541,820.00,496.00,232.00,219.33,0.46,-1,-1,-1
762,542,605.67,67.75,41.33,32.00,0.45,-1,-1,-1
763,543,802.67,179.50,89.33,86.33,0.49,-1,-1,-1
763,544,543.00,93.75,58.67,43.67,0.47,-1,-1,-1
764,545,804.67,103.08,53.33,50.83,0.49,-1,-1,-1
764,546,422.67,144.42,94.00,66.92,0.48,-1,-1,-1
764,547,824.67,478.00,225.33,242.00,0.47,-1,-1,-1
765,548,799.33,180.33,85.33,79.67,0.49,-1,-1,-1
765,549,95.58,275.67,210.42,145.33,0.48,-1,-1,-1
765,550,806.67,69.50,38.67,34.83,0.48,-1,-1,-1
765,551,636.00,53.08,34.00,28.67,0.45,-1,-1,-1
766,552,792.67,104.33,52.00,46.00,0.49,-1,-1,-1
766,553,597.67,69.92,44.00,37.50,0.48,-1,-1,-1
766,554,809.33,51.83,30.67,27.00,0.45,-1,-1,-1
767,555,807.33,316.33,142.67,155.33,0.48,-1,-1,-1
767,556,534.33,97.00,62.67,52.83,0.47,-1,-1,-1
767,557,791.33,70.54,36.00,32.29,0.47,-1,-1,-1
768,558,412.00,153.00,100.00,80.00,0.50,-1,-1,-1
768,559,800.00,156.00,72.00,65.33,0.49,-1,-1,-1
768,560,1134.00,483.00,145.33,229.67,0.47,-1,-1,-1
768,561,789.33,52.12,29.33,24.75,0.45,-1,-1,-1
768,562,811.33,33.25,21.33,18.58,0.42,-1,-1,-1
769,563,954.00,209.00,120.00,101.33,0.50,-1,-1,-1
769,564,797.33,97.58,48.00,43.50,0.50,-1,-1,-1
769,565,54.08,300.67,230.58,188.67,0.49,-1,-1,-1
770,566,894.67,129.67,70.67,59.00,0.49,-1,-1,-1
770,567,796.67,69.12,34.67,31.38,0.47,-1,-1,-1
771,568,867.33,90.75,49.33,41.67,0.49,-1,-1,-1
771,569,793.33,52.58,28.00,24.92,0.44,-1,-1,-1
772,570,852.00,69.04,37.33,32.46,0.48,-1,-1,-1
772,571,791.33,41.92,24.00,20.50,0.41,-1,-1,-1
773,572,842.67,54.75,29.33,26.42,0.45,-1,-1,-1
774,573,964.67,223.00,138.67,120.00,0.48,-1,-1,-1
774,574,835.33,44.50,25.33,22.58,0.44,-1,-1,-1
775,575,895.33,128.08,74.67,68.75,0.51,-1,-1,-1
775,576,815.33,268.33,133.33,123.67,0.47,-1,-1,-1
775,577,830.00,37.67,21.33,19.33,0.40,-1,-1,-1
776,578,800.00,140.00,72.00,60.00,0.49,-1,-1,-1
776,579,864.00,86.17,50.67,48.00,0.49,-1,-1,-1
777,580,585.00,127.00,74.67,63.67,0.50,-1,-1,-1
777,581,795.33,89.42,48.00,40.67,0.47,-1,-1,-1
777,582,847.33,63.88,37.33,36.79,0.46,-1,-1,-1
778,583,232.33,340.33,240.00,216.67,0.49,-1,-1,-1
778,584,792.00,64.54,36.00,28.96,0.46,-1,-1,-1
778,585,835.33,50.08,30.67,30.25,0.45,-1,-1,-1
779,586,828.00,41.67,24.00,24.58,0.42,-1,-1,-1
779,587,790.00,49.46,28.00,23.25,0.41,-1,-1,-1
784,588,618.67,92.08,58.67,53.33,0.49,-1,-1,-1
785,589,456.00,178.67,124.00,108.00,0.51,-1,-1,-1
788,590,646.00,51.42,30.67,26.00,0.42,-1,-1,-1
789,591,611.67,66.21,40.67,31.96,0.46,-1,-1,-1
790,592,556.67,89.75,54.67,42.50,0.48,-1,-1,-1
791,593,455.00,135.50,84.67,63.17,0.49,-1,-1,-1
792,594,198.17,246.33,170.50,129.00,0.48,-1,-1,-1
831,595,0.00,437.00,229.00,232.00,0.46,-1,-1,-1
836,596,665.67,68.08,31.67,37.67,0.44,-1,-1,-1
837,597,605.33,106.17,66.67,58.17,0.48,-1,-1,-1
838,598,439.33,209.33,140.00,129.33,0.45,-1,-1,-1
840,599,626.67,85.50,59.33,57.83,0.50,-1,-1,-1
840,600,625.00,572.00,310.33,148.00,0.48,-1,-1,-1
841,600,588.00,523.33,313.33,196.67,0.47,-1,-1,-1
841,601,491.00,160.50,114.67,114.67,0.52,-1,-1,-1
842,602,550.67,488.00,302.67,230.00,0.48,-1,-1,-1
843,602,512.33,457.00,302.33,251.00,0.48,-1,-1,-1
844,602,499.33,449.00,302.67,249.67,0.48,-1,-1,-1
844,603,644.67,52.04,32.00,25.50,0.45,-1,-1,-1
845,602,499.00,448.67,303.67,250.67,0.48,-1,-1,-1
845,604,598.67,72.08,45.33,34.83,0.47,-1,-1,-1
846,602,488.67,443.33,300.00,247.33,0.46,-1,-1,-1
846,605,506.67,112.42,72.67,51.83,0.47,-1,-1,-1
847,602,458.00,429.33,304.00,238.67,0.48,-1,-1,-1
847,606,257.83,215.00,160.50,107.67,0.49,-1,-1,-1
848,602,392.00,409.33,308.00,220.67,0.50,-1,-1,-1
849,607,174.17,369.33,325.83,192.67,0.48,-1,-1,-1
850,608,0.46,356.33,163.71,164.67,0.48,-1,-1,-1
855,609,1081.33,481.00,198.67,234.33,0.48,-1,-1,-1
856,610,914.67,189.33,100.00,78.00,0.48,-1,-1,-1
857,611,867.33,109.83,57.33,45.33,0.49,-1,-1,-1
858,612,845.33,73.96,38.67,31.46,0.48,-1,-1,-1
859,613,830.67,53.83,30.67,24.75,0.42,-1,-1,-1
865,614,145.00,365.67,383.33,226.67,0.47,-1,-1,-1
866,615,0.08,341.00,187.92,175.33,0.49,-1,-1,-1
906,616,617.00,101.33,152.33,94.83,0.49,-1,-1,-1
907,616,617.00,101.33,152.33,94.83,0.49,-1,-1,-1
908,616,617.33,101.33,153.33,94.83,0.49,-1,-1,-1
909,616,616.67,101.17,153.33,95.17,0.49,-1,-1,-1
910,616,617.33,101.17,153.33,95.17,0.49,-1,-1,-1
911,616,617.67,101.17,153.00,95.17,0.49,-1,-1,-1
912,616,617.33,101.17,153.33,95.00,0.49,-1,-1,-1
913,616,617.33,101.17,153.33,95.00,0.49,-1,-1,-1
914,616,617.33,101.33,153.33,94.83,0.49,-1,-1,-1
915,616,617.33,101.33,153.33,94.83,0.49,-1,-1,-1
916,616,627.33,104.67,156.00,96.50,0.48,-1,-1,-1
916,617,176.33,17.30,48.67,41.91,0.44,-1,-1,-1
917,616,627.33,104.67,156.00,96.50,0.48,-1,-1,-1
917,617,176.33,17.32,48.67,41.89,0.44,-1,-1,-1
918,616,667.33,117.50,170.67,104.67,0.48,-1,-1,-1
918,617,219.17,36.96,66.67,58.71,0.46,-1,-1,-1
919,616,667.33,117.50,170.67,104.67,0.48,-1,-1,-1
919,617,219.17,37.02,66.67,58.65,0.46,-1,-1,-1
920,616,833.33,159.50,252.00,133.67,0.47,-1,-1,-1
920,618,263.50,64.67,88.83,72.83,0.49,-1,-1,-1
921,616,833.33,159.50,252.00,133.67,0.47,-1,-1,-1
921,618,263.33,64.58,89.00,72.83,0.49,-1,-1,-1
922,618,300.67,88.17,110.00,90.33,0.49,-1,-1,-1
923,618,300.67,88.17,110.00,90.33,0.49,-1,-1,-1
924,618,333.00,107.83,132.67,103.83,0.52,-1,-1,-1
924,619,646.33,23.21,82.33,35.33,0.46,-1,-1,-1
925,618,333.00,107.83,132.67,103.83,0.52,-1,-1,-1
925,619,646.33,23.21,82.33,35.33,0.46,-1,-1,-1
926,618,333.00,107.67,132.67,104.17,0.52,-1,-1,-1
926,619,646.33,23.21,82.33,35.33,0.46,-1,-1,-1
927,618,333.00,107.67,132.67,104.17,0.52,-1,-1,-1
927,619,646.33,23.21,82.33,35.33,0.46,-1,-1,-1
928,618,333.00,107.67,132.67,104.17,0.52,-1,-1,-1
928,619,646.33,23.21,82.33,35.33,0.46,-1,-1,-1
929,618,333.00,107.83,132.67,104.00,0.52,-1,-1,-1
929,619,646.33,23.21,82.33,35.33,0.46,-1,-1,-1
930,618,333.00,107.67,132.67,104.17,0.52,-1,-1,-1
930,619,646.33,23.21,82.33,35.33,0.46,-1,-1,-1
931,618,333.00,107.83,132.67,104.00,0.52,-1,-1,-1
931,619,646.33,23.21,82.33,35.33,0.46,-1,-1,-1
932,618,333.00,107.67,132.67,104.17,0.52,-1,-1,-1
932,619,646.33,23.21,82.33,35.33,0.46,-1,-1,-1
933,618,333.00,107.67,132.67,104.17,0.52,-1,-1,-1
933,619,646.33,23.21,82.33,35.33,0.46,-1,-1,-1
934,618,333.00,107.67,132.67,104.17,0.52,-1,-1,-1
934,619,595.33,22.29,105.33,38.83,0.46,-1,-1,-1
935,618,334.33,108.17,132.00,104.17,0.52,-1,-1,-1
935,619,531.00,23.35,109.33,41.81,0.45,-1,-1,-1
936,618,334.50,108.33,131.83,104.50,0.52,-1,-1,-1
936,619,462.00,28.98,111.33,44.94,0.46,-1,-1,-1
936,620,442.00,11.78,92.00,35.55,0.40,-1,-1,-1
937,618,334.67,108.67,132.00,104.00,0.52,-1,-1,-1
937,619,403.33,34.73,108.00,48.35,0.47,-1,-1,-1
937,621,268.00,18.56,99.00,40.77,0.44,-1,-1,-1
938,618,336.33,109.50,131.33,104.33,0.52,-1,-1,-1
938,622,365.33,42.58,95.33,53.33,0.48,-1,-1,-1
938,623,30.50,31.06,114.50,44.94,0.43,-1,-1,-1
939,618,338.33,110.92,131.33,104.75,0.51,-1,-1,-1
939,622,356.00,50.67,74.00,59.67,0.46,-1,-1,-1
939,624,832.67,19.62,74.67,30.25,0.40,-1,-1,-1
940,618,338.67,112.25,132.00,103.75,0.50,-1,-1,-1
940,625,365.33,61.08,77.33,62.83,0.47,-1,-1,-1
941,618,339.00,112.67,131.33,103.33,0.48,-1,-1,-1
941,625,382.00,74.67,102.00,67.67,0.47,-1,-1,-1
941,626,569.33,21.96,98.00,38.42,0.45,-1,-1,-1
942,618,338.67,111.83,131.33,104.00,0.49,-1,-1,-1
942,625,407.33,78.54,116.00,85.12,0.48,-1,-1,-1
942,627,461.67,27.67,102.00,42.92,0.46,-1,-1,-1
943,618,338.83,111.00,130.83,104.50,0.50,-1,-1,-1
943,625,432.33,97.33,126.00,85.17,0.47,-1,-1,-1
943,628,383.00,35.04,102.67,46.92,0.47,-1,-1,-1
944,618,338.83,111.42,130.50,104.25,0.49,-1,-1,-1
944,625,452.00,109.67,142.00,89.33,0.47,-1,-1,-1
944,629,936.67,388.00,343.33,254.00,0.47,-1,-1,-1
944,630,335.17,52.00,67.50,57.67,0.46,-1,-1,-1
945,618,338.83,111.50,130.50,104.17,0.49,-1,-1,-1
945,625,452.00,109.67,142.00,89.33,0.47,-1,-1,-1
945,629,936.67,388.00,343.33,254.00,0.47,-1,-1,-1
945,630,335.00,52.25,68.00,57.75,0.46,-1,-1,-1
946,618,342.67,116.33,134.00,102.83,0.49,-1,-1,-1
946,625,456.00,109.50,141.33,89.83,0.51,-1,-1,-1
946,631,154.83,33.02,116.00,42.23,0.46,-1,-1,-1
946,632,357.67,71.58,93.33,62.50,0.43,-1,-1,-1
947,618,342.67,116.33,134.00,102.83,0.49,-1,-1,-1
947,625,456.00,109.33,141.33,90.00,0.51,-1,-1,-1
947,631,154.83,33.02,116.00,42.23,0.46,-1,-1,-1
947,632,357.67,71.54,93.33,62.62,0.43,-1,-1,-1
948,618,343.33,116.17,134.00,103.67,0.48,-1,-1,-1
948,625,456.00,109.50,141.33,90.00,0.51,-1,-1,-1
948,632,367.67,77.08,99.33,61.17,0.44,-1,-1,-1
949,618,343.33,116.17,134.00,103.50,0.48,-1,-1,-1
949,625,456.00,109.50,141.33,90.00,0.51,-1,-1,-1
949,632,367.67,77.08,99.33,61.17,0.44,-1,-1,-1
950,618,342.67,116.25,135.33,103.42,0.48,-1,-1,-1
950,625,455.67,109.33,142.00,90.17,0.52,-1,-1,-1
950,632,367.00,77.21,100.00,61.46,0.43,-1,-1,-1
951,618,342.67,116.25,135.33,103.42,0.48,-1,-1,-1
951,625,455.67,109.17,142.00,90.33,0.52,-1,-1,-1
951,632,367.67,77.29,99.33,61.38,0.42,-1,-1,-1
952,618,343.33,116.42,134.67,103.92,0.49,-1,-1,-1
952,625,457.00,109.25,140.67,90.08,0.52,-1,-1,-1
952,632,367.00,77.17,100.67,62.00,0.44,-1,-1,-1
953,618,343.33,116.42,134.67,103.92,0.49,-1,-1,-1
953,625,457.00,109.25,140.67,90.08,0.52,-1,-1,-1
953,632,367.00,77.17,100.67,62.00,0.44,-1,-1,-1
954,618,344.00,116.50,134.00,104.00,0.51,-1,-1,-1
954,625,457.33,109.17,140.00,90.50,0.52,-1,-1,-1
954,632,367.33,76.83,100.00,62.33,0.44,-1,-1,-1
955,618,344.00,116.50,134.00,104.00,0.51,-1,-1,-1
955,625,457.33,109.17,140.00,90.50,0.52,-1,-1,-1
955,632,367.33,76.83,100.00,62.33,0.44,-1,-1,-1
956,618,344.33,116.50,134.00,104.00,0.50,-1,-1,-1
956,625,457.33,109.25,140.00,90.42,0.52,-1,-1,-1
956,632,367.00,77.08,100.67,61.67,0.45,-1,-1,-1
956,633,290.50,14.58,113.50,45.29,0.46,-1,-1,-1
957,618,344.33,116.50,134.00,104.00,0.50,-1,-1,-1
957,625,457.33,109.33,140.00,90.17,0.52,-1,-1,-1
957,632,367.00,77.08,100.67,61.67,0.45,-1,-1,-1
957,633,290.50,14.56,113.50,45.27,0.46,-1,-1,-1
958,634,426.33,97.00,117.33,75.67,0.50,-1,-1,-1
958,635,224.00,24.46,67.00,57.67,0.46,-1,-1,-1
958,636,1050.00,405.33,229.33,270.00,0.40,-1,-1,-1
959,634,426.33,97.00,117.33,75.67,0.50,-1,-1,-1
959,635,224.00,24.50,67.00,57.58,0.46,-1,-1,-1
959,636,1050.00,405.33,229.33,270.00,0.40,-1,-1,-1
960,634,426.33,97.00,117.33,75.67,0.50,-1,-1,-1
960,635,224.00,24.50,67.00,57.58,0.46,-1,-1,-1
960,636,1050.00,405.33,229.33,270.00,0.40,-1,-1,-1
961,634,426.33,97.00,117.33,75.67,0.50,-1,-1,-1
961,635,224.00,24.50,67.00,57.58,0.47,-1,-1,-1
961,636,1050.00,405.33,229.33,270.00,0.40,-1,-1,-1
962,634,426.33,97.00,117.33,75.67,0.50,-1,-1,-1
962,635,224.00,24.50,67.00,57.58,0.46,-1,-1,-1
962,636,1050.00,405.33,229.33,270.00,0.40,-1,-1,-1
963,634,426.33,97.00,117.33,75.67,0.50,-1,-1,-1
963,635,224.00,24.50,67.00,57.58,0.46,-1,-1,-1
963,636,1050.00,405.33,229.33,270.00,0.40,-1,-1,-1
964,634,426.33,97.00,117.33,75.67,0.50,-1,-1,-1
964,635,224.00,24.50,67.00,57.58,0.46,-1,-1,-1
964,636,1050.00,405.33,229.33,270.00,0.40,-1,-1,-1
965,634,426.33,97.00,117.33,75.67,0.50,-1,-1,-1
965,635,224.00,24.50,67.00,57.58,0.46,-1,-1,-1
965,636,1050.00,405.33,229.33,270.00,0.40,-1,-1,-1
966,634,426.33,97.08,117.33,75.75,0.50,-1,-1,-1
966,635,224.17,24.48,66.67,57.69,0.46,-1,-1,-1
966,636,1050.00,405.33,229.33,270.00,0.40,-1,-1,-1
967,634,426.33,97.08,117.33,75.75,0.50,-1,-1,-1
967,635,224.00,24.46,67.00,57.67,0.46,-1,-1,-1
967,636,1050.00,405.33,229.33,270.00,0.40,-1,-1,-1
968,634,590.67,169.33,193.33,122.33,0.47,-1,-1,-1
968,635,266.17,38.25,81.17,71.00,0.48,-1,-1,-1
969,635,327.33,62.12,104.00,83.54,0.50,-1,-1,-1
969,637,274.00,31.15,65.33,45.10,0.46,-1,-1,-1
969,638,0.00,20.88,58.58,41.83,0.43,-1,-1,-1
970,639,996.00,122.17,144.00,75.83,0.51,-1,-1,-1
970,640,310.17,46.50,78.17,53.08,0.49,-1,-1,-1
970,641,429.67,109.17,152.67,123.33,0.48,-1,-1,-1
971,642,804.00,77.12,109.33,56.88,0.50,-1,-1,-1
971,643,362.67,68.25,102.00,63.67,0.49,-1,-1,-1
971,644,636.00,204.67,276.00,222.67,0.47,-1,-1,-1
971,645,274.33,22.06,62.33,43.02,0.45,-1,-1,-1
972,647,312.67,31.31,76.67,49.35,0.49,-1,-1,-1
972,648,661.00,46.33,85.00,47.75,0.46,-1,-1,-1
972,649,253.83,9.73,54.00,37.35,0.45,-1,-1,-1
973,650,366.67,42.08,92.67,58.75,0.50,-1,-1,-1
973,651,552.67,24.96,67.33,39.50,0.49,-1,-1,-1
973,652,624.33,183.50,230.33,134.67,0.48,-1,-1,-1
973,653,284.67,16.88,56.00,40.04,0.47,-1,-1,-1
974,654,431.33,56.71,108.00,65.96,0.49,-1,-1,-1
974,655,473.00,9.16,54.00,33.68,0.47,-1,-1,-1
974,656,317.00,23.00,63.33,47.17,0.47,-1,-1,-1
975,657,357.00,32.12,74.00,56.04,0.46,-1,-1,-1
975,658,410.67,0.00,45.33,27.73,0.40,-1,-1,-1
975,618,344.33,116.50,134.00,104.00,0.48,-1,-1,-1
976,618,568.00,94.17,150.00,88.67,0.52,-1,-1,-1
976,659,408.00,45.38,89.33,61.79,0.48,-1,-1,-1
976,660,361.33,0.00,38.00,16.66,0.42,-1,-1,-1
977,618,620.00,107.75,166.67,100.92,0.48,-1,-1,-1
977,661,460.67,57.58,100.67,70.17,0.48,-1,-1,-1
978,618,646.33,116.00,173.67,102.17,0.48,-1,-1,-1
978,662,504.33,70.58,112.00,76.00,0.49,-1,-1,-1
979,618,654.33,116.42,175.67,106.25,0.47,-1,-1,-1
979,662,522.67,76.33,118.67,79.67,0.50,-1,-1,-1
980,618,654.00,116.33,176.00,106.33,0.47,-1,-1,-1
980,662,523.33,76.33,118.67,79.83,0.50,-1,-1,-1
981,618,653.67,116.25,177.00,106.42,0.47,-1,-1,-1
981,662,523.00,76.29,118.67,79.88,0.50,-1,-1,-1
982,618,652.67,116.50,177.33,106.00,0.48,-1,-1,-1
982,662,523.00,76.12,118.67,80.04,0.50,-1,-1,-1
983,618,652.67,116.50,177.33,106.00,0.48,-1,-1,-1
983,662,523.00,76.04,118.67,80.12,0.50,-1,-1,-1
984,618,652.67,116.50,177.33,106.00,0.48,-1,-1,-1
984,662,523.00,76.25,118.67,79.83,0.50,-1,-1,-1
985,618,652.67,116.50,177.33,106.00,0.48,-1,-1,-1
985,662,523.00,76.25,118.67,79.83,0.50,-1,-1,-1
986,618,653.33,116.50,177.33,106.33,0.47,-1,-1,-1
986,662,523.00,76.33,118.67,79.83,0.50,-1,-1,-1
986,663,598.33,28.79,82.00,46.25,0.48,-1,-1,-1
987,618,653.33,116.50,177.33,106.33,0.47,-1,-1,-1
987,662,523.00,76.33,118.67,79.83,0.50,-1,-1,-1
987,663,598.33,28.81,82.00,46.19,0.48,-1,-1,-1
988,618,654.00,116.67,176.00,106.00,0.47,-1,-1,-1
988,662,523.00,78.33,118.00,78.00,0.50,-1,-1,-1
988,664,550.33,39.65,88.00,50.52,0.48,-1,-1,-1
989,618,654.00,116.67,176.00,106.00,0.48,-1,-1,-1
989,662,523.00,78.25,118.00,78.17,0.50,-1,-1,-1
989,664,550.33,39.65,88.00,50.52,0.48,-1,-1,-1
990,618,653.33,116.83,177.33,106.00,0.47,-1,-1,-1
990,662,522.67,76.50,118.67,79.67,0.50,-1,-1,-1
990,665,598.67,45.33,98.00,46.50,0.47,-1,-1,-1
990,666,351.67,0.00,47.33,28.67,0.42,-1,-1,-1
991,618,653.33,116.83,177.33,106.00,0.47,-1,-1,-1
991,662,522.67,76.50,118.67,79.67,0.50,-1,-1,-1
991,665,598.67,45.33,98.00,46.50,0.47,-1,-1,-1
991,666,351.67,0.00,47.33,28.67,0.42,-1,-1,-1
992,618,652.67,116.67,177.33,106.00,0.48,-1,-1,-1
992,662,523.00,76.50,118.67,79.67,0.50,-1,-1,-1
992,667,369.33,0.00,42.00,22.04,0.43,-1,-1,-1
993,618,652.67,116.67,177.33,106.00,0.48,-1,-1,-1
993,662,523.00,76.50,118.67,79.67,0.50,-1,-1,-1
993,667,369.33,0.00,42.00,22.04,0.43,-1,-1,-1
994,618,652.67,116.83,177.33,106.00,0.48,-1,-1,-1
994,662,523.33,76.50,118.00,79.67,0.50,-1,-1,-1
994,668,1168.00,163.83,112.00,104.33,0.45,-1,-1,-1
995,618,652.67,116.83,177.33,106.00,0.48,-1,-1,-1
995,662,523.33,76.50,118.00,79.67,0.50,-1,-1,-1
995,668,1168.00,163.67,112.00,104.33,0.45,-1,-1,-1
996,618,673.67,122.83,182.33,109.33,0.48,-1,-1,-1
996,662,535.33,82.00,122.67,79.67,0.49,-1,-1,-1
997,618,673.67,122.83,182.33,109.33,0.48,-1,-1,-1
997,662,535.33,82.00,122.67,79.67,0.49,-1,-1,-1
998,618,673.67,122.83,182.33,109.33,0.48,-1,-1,-1
998,662,535.33,82.00,122.67,79.67,0.49,-1,-1,-1
999,618,673.67,122.83,182.33,109.33,0.48,-1,-1,-1
999,662,535.33,82.00,122.67,79.67,0.49,-1,-1,-1
1000,618,673.67,122.83,182.33,109.33,0.48,-1,-1,-1
1000,662,535.33,82.00,122.67,79.67,0.49,-1,-1,-1
1001,618,673.67,122.83,182.33,109.33,0.48,-1,-1,-1
1001,662,535.33,82.00,122.67,79.67,0.49,-1,-1,-1
1002,618,673.67,122.83,182.33,109.33,0.48,-1,-1,-1
1002,662,535.33,82.00,122.67,79.67,0.49,-1,-1,-1
1003,618,673.67,122.83,182.33,109.33,0.48,-1,-1,-1
1003,662,535.33,82.00,122.67,79.67,0.49,-1,-1,-1
1004,618,673.67,122.83,182.33,109.33,0.48,-1,-1,-1
1004,662,535.33,82.00,122.67,79.67,0.49,-1,-1,-1
1005,618,673.67,122.83,182.33,109.33,0.48,-1,-1,-1
1005,662,535.33,82.00,122.67,79.67,0.49,-1,-1,-1
1006,618,721.33,136.50,205.33,118.33,0.48,-1,-1,-1
1006,662,546.33,84.33,126.00,82.33,0.49,-1,-1,-1
1007,618,835.33,163.33,254.67,132.67,0.46,-1,-1,-1
1007,662,576.33,93.00,135.00,87.67,0.52,-1,-1,-1
1008,662,635.33,109.75,154.67,99.25,0.50,-1,-1,-1
1008,669,1058.00,200.17,222.00,137.00,0.43,-1,-1,-1
1009,662,738.00,137.17,201.33,115.67,0.47,-1,-1,-1
1010,662,932.00,173.00,238.67,120.67,0.48,-1,-1,-1
1011,670,1192.00,195.50,88.00,106.67,0.45,-1,-1,-1
1018,671,0.83,344.67,182.83,170.67,0.46,-1,-1,-1
1019,671,0.83,344.67,182.83,170.67,0.46,-1,-1,-1
1020,672,418.00,244.67,352.00,183.33,0.48,-1,-1,-1
1021,672,418.00,244.67,352.00,183.33,0.48,-1,-1,-1
1022,672,836.67,187.33,228.00,139.00,0.49,-1,-1,-1
1022,673,330.83,0.00,113.17,54.62,0.47,-1,-1,-1
1022,674,332.17,276.67,379.83,178.00,0.46,-1,-1,-1
1022,675,1228.00,264.00,52.00,127.33,0.40,-1,-1,-1
1023,672,836.67,187.33,228.00,139.00,0.49,-1,-1,-1
1023,673,330.83,0.00,113.17,54.62,0.47,-1,-1,-1
1023,674,332.17,276.67,379.83,178.00,0.46,-1,-1,-1
1023,675,1228.00,264.00,52.00,127.33,0.40,-1,-1,-1
1024,673,60.33,6.69,124.17,67.23,0.41,-1,-1,-1
1024,674,793.33,219.17,252.00,130.83,0.48,-1,-1,-1
1024,676,1008.67,147.50,114.67,103.00,0.48,-1,-1,-1
1025,673,60.21,6.75,124.29,67.08,0.41,-1,-1,-1
1025,674,793.33,219.17,252.00,130.83,0.48,-1,-1,-1
1025,676,1008.67,147.50,114.67,103.00,0.48,-1,-1,-1
1026,676,942.67,106.83,129.33,79.17,0.51,-1,-1,-1
1026,677,994.00,174.50,141.33,98.33,0.48,-1,-1,-1
1027,676,942.67,106.83,129.33,79.17,0.51,-1,-1,-1
1027,677,994.00,174.50,141.33,98.33,0.48,-1,-1,-1
1028,676,825.33,78.00,134.67,69.00,0.51,-1,-1,-1
1028,677,998.00,140.83,113.33,83.67,0.48,-1,-1,-1
1029,676,825.33,78.00,134.67,69.00,0.51,-1,-1,-1
1029,677,998.00,140.83,113.33,83.67,0.48,-1,-1,-1
1030,676,726.67,57.00,116.00,59.67,0.50,-1,-1,-1
1030,677,920.00,117.42,138.67,71.25,0.51,-1,-1,-1
1030,678,565.00,19.46,92.67,44.92,0.48,-1,-1,-1
1031,676,727.33,57.00,116.00,59.67,0.50,-1,-1,-1
1031,677,920.00,117.42,138.67,71.25,0.51,-1,-1,-1
1031,678,565.00,19.52,92.67,44.81,0.48,-1,-1,-1
1032,676,657.00,42.21,101.00,55.29,0.49,-1,-1,-1
1032,677,846.67,100.17,140.00,64.17,0.49,-1,-1,-1
1032,679,392.67,37.17,84.67,60.17,0.48,-1,-1,-1
1033,676,657.00,42.21,101.00,55.29,0.49,-1,-1,-1
1033,677,846.67,100.33,140.00,64.00,0.49,-1,-1,-1
1033,679,392.67,37.17,84.67,60.17,0.48,-1,-1,-1
1034,676,636.00,37.00,96.00,55.50,0.50,-1,-1,-1
1034,677,786.67,84.17,128.00,59.33,0.50,-1,-1,-1
1034,680,396.00,70.17,99.33,87.83,0.48,-1,-1,-1
1035,676,636.00,37.00,96.00,55.50,0.50,-1,-1,-1
1035,677,786.67,84.17,128.00,59.33,0.50,-1,-1,-1
1035,680,396.00,70.17,99.33,87.83,0.48,-1,-1,-1
1036,676,636.00,36.73,96.00,56.02,0.50,-1,-1,-1
1036,677,742.67,73.83,117.33,53.83,0.49,-1,-1,-1
1036,680,470.67,103.17,138.00,111.67,0.52,-1,-1,-1
1036,681,844.00,21.88,60.00,27.46,0.40,-1,-1,-1
1037,676,636.00,36.73,96.00,56.02,0.50,-1,-1,-1
1037,677,742.67,73.83,117.33,53.83,0.49,-1,-1,-1
1037,680,470.67,103.17,138.00,111.67,0.52,-1,-1,-1
1037,681,844.00,21.88,60.00,27.46,0.40,-1,-1,-1
1038,676,636.67,35.29,94.67,56.71,0.49,-1,-1,-1
1038,677,729.33,71.58,117.33,52.17,0.48,-1,-1,-1
1038,680,485.00,111.75,146.00,118.25,0.51,-1,-1,-1
1039,676,636.67,35.29,94.67,56.71,0.49,-1,-1,-1
1039,677,729.33,71.58,117.33,52.17,0.48,-1,-1,-1
1039,680,485.00,111.75,146.00,118.25,0.51,-1,-1,-1
1040,676,636.00,36.92,94.67,55.17,0.50,-1,-1,-1
1040,677,729.33,71.42,117.33,52.50,0.48,-1,-1,-1
1040,680,485.67,111.33,146.00,119.00,0.51,-1,-1,-1
1040,682,448.67,34.15,93.33,45.35,0.48,-1,-1,-1
1041,676,636.00,37.10,94.67,54.90,0.50,-1,-1,-1
1041,677,729.33,71.42,117.33,52.50,0.48,-1,-1,-1
1041,680,485.67,111.33,146.00,119.00,0.51,-1,-1,-1
1041,682,448.33,34.15,93.33,45.44,0.48,-1,-1,-1
1042,676,635.67,37.31,95.00,54.60,0.50,-1,-1,-1
1042,677,728.67,71.42,117.33,52.33,0.48,-1,-1,-1
1042,680,485.33,111.50,146.00,118.33,0.51,-1,-1,-1
1042,682,331.67,54.58,90.00,55.00,0.48,-1,-1,-1
1043,676,635.67,37.35,95.00,54.65,0.50,-1,-1,-1
1043,677,728.67,71.42,117.33,52.33,0.48,-1,-1,-1
1043,680,485.33,111.58,146.00,118.08,0.51,-1,-1,-1
1043,682,331.67,54.58,90.00,55.00,0.48,-1,-1,-1
1044,676,608.67,31.10,89.33,51.23,0.48,-1,-1,-1
1044,677,717.33,68.33,113.33,51.50,0.49,-1,-1,-1
1044,680,485.67,111.42,146.00,118.58,0.51,-1,-1,-1
1044,683,280.67,88.50,83.33,79.00,0.48,-1,-1,-1
1045,676,608.67,31.10,89.33,51.23,0.48,-1,-1,-1
1045,677,717.33,68.33,113.33,51.50,0.49,-1,-1,-1
1045,680,485.67,111.50,146.00,118.33,0.51,-1,-1,-1
1045,683,280.67,88.50,83.33,79.00,0.48,-1,-1,-1
1061,684,865.33,19.83,68.00,27.75,0.46,-1,-1,-1
1062,685,819.33,16.55,77.33,32.11,0.40,-1,-1,-1
1063,685,800.67,14.50,77.33,34.38,0.45,-1,-1,-1
1064,685,800.00,14.16,77.33,34.64,0.43,-1,-1,-1
1065,685,800.67,14.58,76.00,34.33,0.43,-1,-1,-1
1066,685,800.67,14.58,76.00,34.33,0.43,-1,-1,-1
1067,685,800.67,14.62,76.00,34.33,0.43,-1,-1,-1
1068,685,800.00,14.59,77.33,34.28,0.43,-1,-1,-1
1068,686,1186.67,200.33,93.33,92.67,0.46,-1,-1,-1
1069,685,800.00,14.61,77.33,34.26,0.43,-1,-1,-1
1069,686,1186.67,200.33,93.33,92.67,0.46,-1,-1,-1
1070,685,800.67,14.58,76.00,34.25,0.43,-1,-1,-1
1070,687,534.00,31.96,75.33,43.25,0.50,-1,-1,-1
1071,685,800.67,14.57,76.00,34.18,0.44,-1,-1,-1
1071,687,534.00,31.88,75.33,43.25,0.50,-1,-1,-1
1072,685,800.67,14.62,76.00,34.25,0.44,-1,-1,-1
1073,685,800.67,14.62,76.00,34.25,0.44,-1,-1,-1
1074,685,800.67,15.02,76.00,33.81,0.43,-1,-1,-1
1075,685,800.67,15.02,76.00,33.81,0.43,-1,-1,-1
1076,685,801.33,15.34,76.00,33.70,0.42,-1,-1,-1
1076,688,742.67,69.33,125.33,54.83,0.50,-1,-1,-1
1077,685,801.33,15.34,76.00,33.70,0.42,-1,-1,-1
1077,688,742.67,69.33,125.33,54.83,0.50,-1,-1,-1
1078,685,800.67,15.33,76.00,33.58,0.44,-1,-1,-1
1078,689,759.33,70.75,100.00,51.67,0.49,-1,-1,-1
1078,690,476.00,11.83,64.67,34.38,0.46,-1,-1,-1
1079,685,800.67,15.33,76.00,33.58,0.44,-1,-1,-1
1079,689,759.33,70.75,100.00,51.67,0.49,-1,-1,-1
1079,690,476.00,11.83,64.67,34.38,0.46,-1,-1,-1
1080,685,801.33,15.33,76.00,33.50,0.44,-1,-1,-1
1080,691,817.33,163.17,240.00,113.33,0.48,-1,-1,-1
1080,692,723.33,66.00,110.67,54.00,0.46,-1,-1,-1
1081,685,801.33,15.33,76.00,33.50,0.44,-1,-1,-1
1081,691,817.33,163.17,240.00,113.33,0.48,-1,-1,-1
1081,692,723.33,66.08,110.67,53.83,0.46,-1,-1,-1
1082,685,801.33,15.32,76.00,33.51,0.44,-1,-1,-1
1082,691,817.33,163.17,240.00,113.33,0.48,-1,-1,-1
1082,692,723.33,66.17,110.67,53.83,0.46,-1,-1,-1
1083,685,801.33,15.32,76.00,33.51,0.44,-1,-1,-1
1083,691,817.33,163.17,240.00,113.33,0.48,-1,-1,-1
1083,692,723.33,66.17,110.67,53.83,0.46,-1,-1,-1
1084,685,801.33,15.32,76.00,33.51,0.44,-1,-1,-1
1084,691,817.33,163.17,240.00,113.33,0.48,-1,-1,-1
1084,692,723.33,66.17,110.67,53.83,0.46,-1,-1,-1
1085,685,801.33,15.33,76.00,33.50,0.44,-1,-1,-1
1085,691,817.33,163.17,240.00,113.33,0.48,-1,-1,-1
1085,692,723.33,66.17,110.67,53.83,0.46,-1,-1,-1
1087,693,388.00,382.33,359.33,135.33,0.49,-1,-1,-1
1088,694,615.33,148.58,76.67,27.92,0.48,-1,-1,-1
1089,695,344.67,150.50,80.67,28.50,0.48,-1,-1,-1
1090,696,935.33,151.75,57.33,25.92,0.43,-1,-1,-1
1090,697,75.17,155.42,81.00,30.25,0.41,-1,-1,-1
1091,698,624.67,149.00,77.33,28.17,0.49,-1,-1,-1
1092,699,311.83,151.08,79.50,29.08,0.47,-1,-1,-1
1095,700,0.88,455.00,163.96,169.33,0.47,-1,-1,-1
1097,701,1122.67,432.00,157.33,153.33,0.46,-1,-1,-1
1098,702,0.33,426.67,153.00,149.33,0.47,-1,-1,-1
1098,703,621.00,146.00,82.33,28.00,0.46,-1,-1,-1
1099,704,451.67,340.33,294.33,118.00,0.48,-1,-1,-1
1099,705,1053.33,433.33,226.67,144.00,0.48,-1,-1,-1
1099,706,154.00,150.75,87.00,29.42,0.44,-1,-1,-1
1100,704,451.67,340.33,294.33,118.00,0.48,-1,-1,-1
1100,705,1053.33,433.33,226.67,144.00,0.48,-1,-1,-1
1100,706,154.00,150.67,87.00,29.50,0.44,-1,-1,-1
1101,707,331.50,156.83,86.17,41.67,0.47,-1,-1,-1
1101,708,1142.67,154.08,68.00,29.08,0.40,-1,-1,-1
1102,707,331.50,156.83,86.17,41.67,0.47,-1,-1,-1
1102,708,1142.67,154.08,68.00,29.08,0.40,-1,-1,-1
1103,707,331.50,156.83,86.17,41.67,0.47,-1,-1,-1
1103,708,1142.67,154.08,68.00,29.08,0.40,-1,-1,-1
1104,707,331.50,156.83,86.17,41.67,0.47,-1,-1,-1
1104,708,1142.67,154.08,68.00,29.08,0.40,-1,-1,-1
1105,707,331.50,156.83,86.17,41.67,0.47,-1,-1,-1
1105,708,1142.67,154.08,68.00,29.08,0.40,-1,-1,-1
1106,707,331.50,156.83,86.17,41.67,0.47,-1,-1,-1
1106,708,1142.67,154.08,68.00,29.08,0.40,-1,-1,-1
1107,709,247.33,177.50,68.67,50.67,0.48,-1,-1,-1
1107,710,933.33,148.42,61.33,29.58,0.44,-1,-1,-1
1108,709,247.33,177.50,68.67,50.67,0.48,-1,-1,-1
1108,710,933.33,148.42,61.33,29.58,0.44,-1,-1,-1
1115,710,933.33,148.42,61.33,29.58,0.43,-1,-1,-1
1116,710,929.33,146.83,68.00,29.00,0.43,-1,-1,-1
1117,710,929.33,146.83,68.00,29.00,0.43,-1,-1,-1
1118,710,929.33,146.83,68.00,29.00,0.43,-1,-1,-1
1119,710,929.33,146.83,68.00,29.00,0.43,-1,-1,-1
1120,710,929.33,146.83,68.00,29.00,0.43,-1,-1,-1
1136,708,1142.67,154.08,68.00,29.08,0.46,-1,-1,-1
1137,708,685.33,145.17,80.00,30.17,0.45,-1,-1,-1
1138,708,599.67,146.08,82.67,31.42,0.49,-1,-1,-1
1138,710,929.33,146.83,68.00,29.00,0.43,-1,-1,-1
1139,708,486.00,146.17,84.67,32.33,0.49,-1,-1,-1
1139,710,696.00,141.67,81.33,29.67,0.45,-1,-1,-1
1140,708,346.67,147.25,84.67,33.42,0.48,-1,-1,-1
1140,710,626.67,142.17,78.67,31.00,0.50,-1,-1,-1
1141,708,187.67,149.67,84.00,33.50,0.48,-1,-1,-1
1141,710,523.67,143.42,80.00,30.25,0.47,-1,-1,-1
1142,710,388.33,143.50,84.00,31.67,0.47,-1,-1,-1
1143,711,236.00,145.08,86.00,32.58,0.47,-1,-1,-1
1144,710,388.33,143.50,84.00,31.67,0.43,-1,-1,-1
1151,712,39.17,403.00,382.83,145.33,0.44,-1,-1,-1
1152,713,1152.00,387.33,128.00,129.33,0.46,-1,-1,-1
1155,714,338.67,371.67,321.33,138.00,0.50,-1,-1,-1
1156,715,68.17,383.33,370.50,138.67,0.47,-1,-1,-1
1156,716,1162.00,354.00,117.33,120.67,0.46,-1,-1,-1
1156,708,187.67,149.67,84.00,33.50,0.41,-1,-1,-1
1157,717,925.33,371.33,317.33,124.67,0.49,-1,-1,-1
1157,718,612.33,147.75,69.33,29.25,0.49,-1,-1,-1
1158,719,293.67,321.50,302.00,128.17,0.49,-1,-1,-1
1158,720,367.00,149.92,71.33,29.42,0.48,-1,-1,-1
1159,721,1092.00,319.00,188.00,112.00,0.48,-1,-1,-1
1159,722,113.50,153.67,73.50,31.67,0.46,-1,-1,-1
1159,723,709.33,152.42,77.33,27.58,0.43,-1,-1,-1
1160,724,573.33,153.42,76.00,31.75,0.49,-1,-1,-1
1161,725,459.00,156.00,80.00,33.00,0.49,-1,-1,-1
1162,726,372.00,159.50,80.00,36.00,0.49,-1,-1,-1
1163,727,352.33,380.00,334.33,136.00,0.50,-1,-1,-1
1163,728,325.50,163.75,69.17,41.42,0.48,-1,-1,-1
1164,728,321.83,171.00,49.50,44.00,0.48,-1,-1,-1
1164,729,1166.67,372.33,113.33,119.33,0.47,-1,-1,-1
1165,730,269.83,394.00,342.83,136.67,0.50,-1,-1,-1
1165,731,325.33,177.83,52.67,48.33,0.47,-1,-1,-1
1166,731,324.50,186.33,54.83,52.33,0.47,-1,-1,-1
1166,732,1058.67,382.67,221.33,122.00,0.45,-1,-1,-1
1167,731,318.67,196.83,60.00,57.33,0.49,-1,-1,-1
1168,731,306.50,208.33,67.50,65.33,0.49,-1,-1,-1
1169,731,293.67,224.17,76.00,71.67,0.51,-1,-1,-1
1170,731,280.67,236.67,83.67,84.00,0.50,-1,-1,-1
1171,731,272.00,245.83,88.67,88.67,0.50,-1,-1,-1
1172,731,269.67,249.00,89.67,89.67,0.49,-1,-1,-1
1173,731,269.67,249.00,89.67,89.67,0.49,-1,-1,-1
1174,731,269.67,249.00,89.67,89.67,0.49,-1,-1,-1
1175,731,269.83,249.00,89.50,89.67,0.49,-1,-1,-1
1176,731,270.00,249.17,89.33,89.83,0.49,-1,-1,-1
1177,731,270.00,249.17,89.33,89.83,0.49,-1,-1,-1
1178,731,269.67,249.00,89.67,89.67,0.49,-1,-1,-1
1179,731,269.67,249.00,89.67,89.67,0.49,-1,-1,-1
1180,731,269.83,249.17,89.50,89.33,0.50,-1,-1,-1
1181,731,269.83,249.17,89.50,89.33,0.50,-1,-1,-1
1182,731,269.67,249.00,89.33,89.67,0.50,-1,-1,-1
1183,731,269.67,249.00,89.33,89.67,0.50,-1,-1,-1
1184,731,269.83,249.17,89.17,89.33,0.50,-1,-1,-1
1185,731,269.83,249.00,89.17,89.67,0.50,-1,-1,-1
1186,731,269.67,249.00,89.67,89.67,0.49,-1,-1,-1
1186,733,692.00,146.42,82.67,29.42,0.49,-1,-1,-1
1187,731,269.67,249.00,89.67,89.67,0.49,-1,-1,-1
1187,734,469.33,147.50,85.33,30.33,0.48,-1,-1,-1
1188,731,269.50,249.17,89.83,89.83,0.49,-1,-1,-1
1188,735,595.33,152.17,83.33,30.00,0.47,-1,-1,-1
1188,736,239.33,148.50,87.33,33.00,0.46,-1,-1,-1
1189,731,269.50,249.00,89.83,89.67,0.49,-1,-1,-1
1189,737,317.33,154.67,88.00,30.67,0.44,-1,-1,-1
1190,731,269.67,249.00,89.67,89.67,0.49,-1,-1,-1
1190,738,59.75,159.50,63.33,32.33,0.48,-1,-1,-1
1191,731,269.50,249.00,89.83,89.67,0.49,-1,-1,-1
1192,731,269.17,249.83,89.83,88.83,0.49,-1,-1,-1
1193,731,262.33,254.67,94.67,92.00,0.49,-1,-1,-1
1194,731,233.33,272.67,111.33,104.00,0.51,-1,-1,-1
1195,731,162.25,313.50,145.75,134.17,0.42,-1,-1,-1
1196,739,18.17,398.00,214.67,204.67,0.49,-1,-1,-1
1197,740,512.00,571.00,286.00,149.00,0.48,-1,-1,-1
1198,741,465.67,359.00,163.33,149.33,0.47,-1,-1,-1
1199,742,445.00,262.50,105.33,93.50,0.49,-1,-1,-1
1200,743,431.33,214.67,78.67,68.33,0.50,-1,-1,-1
1201,744,425.33,188.17,59.33,53.00,0.48,-1,-1,-1
1202,744,425.00,170.00,51.33,48.33,0.50,-1,-1,-1
1203,745,413.33,160.25,53.33,42.42,0.49,-1,-1,-1
1204,746,369.00,154.50,67.33,36.67,0.48,-1,-1,-1
1205,747,303.83,149.67,77.50,35.00,0.47,-1,-1,-1
1206,748,207.33,148.17,81.00,33.50,0.49,-1,-1,-1
1206,749,922.67,151.33,62.67,32.50,0.42,-1,-1,-1
1207,750,77.75,150.00,80.67,33.00,0.45,-1,-1,-1
1218,751,745.33,151.08,65.33,25.92,0.41,-1,-1,-1
1220,752,594.00,152.17,70.00,28.67,0.48,-1,-1,-1
1220,753,655.33,148.08,62.67,26.42,0.47,-1,-1,-1
1221,754,490.00,154.17,73.33,29.67,0.49,-1,-1,-1
1221,755,555.67,149.17,67.33,26.50,0.47,-1,-1,-1
1222,756,391.33,158.17,74.00,31.67,0.48,-1,-1,-1
1222,757,653.33,150.67,90.67,33.67,0.44,-1,-1,-1
1222,758,448.00,150.00,56.00,25.67,0.43,-1,-1,-1
1223,759,308.67,163.33,72.67,37.00,0.46,-1,-1,-1
1223,760,574.33,151.75,94.67,34.08,0.44,-1,-1,-1
1223,761,929.33,151.92,61.33,25.75,0.43,-1,-1,-1
1223,762,275.33,152.25,77.67,26.25,0.41,-1,-1,-1
1224,763,258.00,173.50,63.00,41.00,0.49,-1,-1,-1
1224,764,108.50,155.25,83.33,28.25,0.46,-1,-1,-1
1224,765,489.00,152.33,94.00,34.67,0.44,-1,-1,-1
1225,766,592.33,149.00,78.00,27.00,0.49,-1,-1,-1
1225,767,243.17,184.67,52.33,47.33,0.48,-1,-1,-1
1225,768,407.67,154.00,95.33,36.33,0.46,-1,-1,-1
1226,767,235.50,198.00,55.33,51.33,0.49,-1,-1,-1
1226,769,350.00,155.83,90.67,41.33,0.46,-1,-1,-1
1227,769,325.00,159.75,72.00,46.75,0.48,-1,-1,-1
1227,770,211.67,215.83,68.33,60.00,0.50,-1,-1,-1
1227,771,192.67,152.17,82.00,29.00,0.44,-1,-1,-1
1228,772,185.17,235.83,78.33,69.67,0.50,-1,-1,-1
1228,773,323.33,167.00,56.00,49.67,0.47,-1,-1,-1
1229,772,165.83,251.50,86.33,77.00,0.49,-1,-1,-1
1229,773,320.50,174.83,56.83,54.67,0.48,-1,-1,-1
1229,774,0.00,348.00,305.67,130.67,0.49,-1,-1,-1
1229,775,572.67,147.42,82.67,28.58,0.48,-1,-1,-1
1230,772,158.67,258.50,89.33,79.33,0.48,-1,-1,-1
1230,773,317.50,182.83,61.50,58.33,0.48,-1,-1,-1
1230,776,482.33,343.67,329.67,133.33,0.50,-1,-1,-1
1230,777,350.00,148.67,88.00,30.33,0.44,-1,-1,-1
1231,772,158.17,259.67,89.33,79.33,0.48,-1,-1,-1
1231,778,1010.00,347.00,270.00,122.67,0.49,-1,-1,-1
1231,779,314.17,193.83,66.50,63.33,0.48,-1,-1,-1
1231,780,138.00,152.08,76.33,30.75,0.47,-1,-1,-1
1232,772,158.00,259.33,89.33,79.67,0.48,-1,-1,-1
1232,779,309.00,205.00,72.00,69.67,0.50,-1,-1,-1
1233,772,158.17,259.50,89.00,79.50,0.49,-1,-1,-1
1233,779,303.33,216.67,78.00,75.67,0.49,-1,-1,-1
1234,772,158.33,259.50,88.67,79.50,0.49,-1,-1,-1
1234,779,295.67,226.83,85.67,82.67,0.50,-1,-1,-1
1235,772,158.33,259.50,88.67,79.50,0.49,-1,-1,-1
1235,779,293.00,234.67,88.67,87.00,0.49,-1,-1,-1
1236,781,174.50,295.00,307.50,140.00,0.49,-1,-1,-1
1236,782,294.00,238.00,86.67,70.67,0.40,-1,-1,-1
1237,783,630.33,373.00,337.67,150.67,0.50,-1,-1,-1
1237,784,1080.00,284.17,200.00,127.50,0.46,-1,-1,-1
1237,772,158.33,259.50,88.67,79.50,0.49,-1,-1,-1
1237,779,293.00,234.67,88.67,87.00,0.49,-1,-1,-1
1238,772,158.17,259.33,89.00,80.00,0.49,-1,-1,-1
1238,779,289.33,238.00,91.33,90.33,0.49,-1,-1,-1
1239,772,158.17,259.33,89.00,80.00,0.49,-1,-1,-1
1239,779,289.33,238.00,91.33,90.33,0.49,-1,-1,-1
1240,772,157.83,259.50,89.33,79.83,0.49,-1,-1,-1
1240,779,289.50,238.00,90.83,90.00,0.49,-1,-1,-1
1240,785,554.00,329.67,301.33,116.00,0.49,-1,-1,-1
1241,772,157.83,259.33,89.33,80.00,0.49,-1,-1,-1
1241,779,289.83,237.83,90.50,90.00,0.49,-1,-1,-1
1242,772,158.17,259.33,88.67,80.67,0.49,-1,-1,-1
1242,779,290.50,237.67,90.17,76.67,0.50,-1,-1,-1
1242,786,231.33,312.83,286.67,125.83,0.49,-1,-1,-1
1243,772,158.17,259.33,89.00,80.00,0.49,-1,-1,-1
1243,779,289.83,237.83,90.50,89.67,0.49,-1,-1,-1
1243,787,1002.67,307.00,249.33,112.67,0.47,-1,-1,-1
1244,772,158.00,259.50,89.00,79.50,0.49,-1,-1,-1
1244,779,289.83,237.50,90.17,90.67,0.49,-1,-1,-1
1244,788,304.33,376.00,357.33,138.00,0.49,-1,-1,-1
1245,772,158.00,259.67,89.00,79.33,0.49,-1,-1,-1
1245,779,289.83,237.50,90.17,90.33,0.49,-1,-1,-1
1245,789,1086.67,372.00,193.33,123.33,0.48,-1,-1,-1
1246,772,158.00,259.33,89.33,80.33,0.49,-1,-1,-1
1246,779,289.83,237.50,90.83,91.00,0.49,-1,-1,-1
1246,790,389.33,325.17,294.67,115.83,0.49,-1,-1,-1
1246,791,185.33,388.67,205.33,141.33,0.48,-1,-1,-1
1247,772,158.00,259.33,89.33,80.33,0.49,-1,-1,-1
1247,779,289.67,237.50,90.67,90.67,0.49,-1,-1,-1
1247,791,42.00,398.00,373.67,136.67,0.45,-1,-1,-1
1247,792,1090.67,323.00,189.33,100.00,0.47,-1,-1,-1
1247,793,991.33,382.00,197.33,131.33,0.45,-1,-1,-1
1248,772,158.17,259.50,89.00,79.50,0.49,-1,-1,-1
1248,779,289.83,237.83,90.17,90.33,0.49,-1,-1,-1
1248,793,858.00,394.33,340.00,127.33,0.49,-1,-1,-1
1248,794,672.33,155.42,82.33,29.58,0.41,-1,-1,-1
1249,772,158.17,259.50,89.00,79.50,0.49,-1,-1,-1
1249,779,289.83,237.83,90.50,90.33,0.49,-1,-1,-1
1249,795,609.33,156.33,89.33,31.67,0.47,-1,-1,-1
1250,772,158.17,259.33,89.00,79.67,0.49,-1,-1,-1
1250,779,289.83,237.83,90.17,90.00,0.49,-1,-1,-1
1250,796,550.00,157.58,90.67,33.25,0.47,-1,-1,-1
1251,772,158.17,259.50,89.00,79.50,0.49,-1,-1,-1
1251,779,289.83,238.00,90.50,90.00,0.48,-1,-1,-1
1251,797,499.67,160.75,90.00,33.42,0.44,-1,-1,-1
1252,772,158.17,259.33,89.00,79.67,0.49,-1,-1,-1
1252,779,290.00,238.00,90.00,90.00,0.48,-1,-1,-1
1252,798,452.33,163.08,92.67,37.42,0.48,-1,-1,-1
1253,772,158.17,259.33,89.00,79.67,0.49,-1,-1,-1
1253,779,289.83,238.00,90.17,90.00,0.49,-1,-1,-1
1253,798,412.67,167.25,92.00,38.75,0.48,-1,-1,-1
1254,772,157.83,259.33,89.33,79.67,0.49,-1,-1,-1
1254,779,290.00,238.00,90.33,90.33,0.48,-1,-1,-1
1254,798,376.67,170.50,91.33,41.00,0.49,-1,-1,-1
1255,772,158.00,259.33,89.33,79.67,0.49,-1,-1,-1
1255,779,290.00,237.83,90.33,90.33,0.49,-1,-1,-1
1255,798,346.00,174.17,87.33,43.67,0.46,-1,-1,-1
1256,772,158.00,259.33,89.00,79.67,0.49,-1,-1,-1
1256,779,289.67,237.17,90.67,91.00,0.49,-1,-1,-1
1256,798,315.50,179.00,85.17,47.33,0.46,-1,-1,-1
1257,772,158.00,259.50,89.00,79.50,0.49,-1,-1,-1
1257,779,289.50,238.17,90.83,90.00,0.49,-1,-1,-1
1257,799,297.50,182.83,80.83,49.67,0.47,-1,-1,-1
1258,772,158.17,259.33,89.00,79.67,0.49,-1,-1,-1
1258,779,289.67,237.50,90.67,90.33,0.49,-1,-1,-1
1258,799,275.17,189.00,82.50,51.67,0.49,-1,-1,-1
1259,772,158.17,259.33,89.00,79.67,0.49,-1,-1,-1
1259,779,289.67,237.50,90.67,90.33,0.49,-1,-1,-1
1259,799,253.00,194.00,85.33,55.33,0.48,-1,-1,-1
1260,772,158.00,259.67,89.33,79.33,0.49,-1,-1,-1
1260,779,289.67,237.83,90.67,90.00,0.49,-1,-1,-1
1260,799,232.50,200.67,86.00,56.33,0.48,-1,-1,-1
1261,772,157.83,259.67,89.33,79.33,0.49,-1,-1,-1
1261,779,289.67,238.50,90.67,89.33,0.49,-1,-1,-1
1261,799,220.00,207.00,85.67,57.00,0.48,-1,-1,-1
1262,772,157.83,259.83,89.33,79.17,0.49,-1,-1,-1
1262,779,289.33,238.33,91.00,89.33,0.49,-1,-1,-1
1262,799,213.50,210.67,84.00,59.33,0.49,-1,-1,-1
1263,772,153.42,264.83,90.92,80.83,0.49,-1,-1,-1
1263,779,289.33,238.00,91.00,90.00,0.49,-1,-1,-1
1263,799,208.67,212.33,85.00,61.00,0.50,-1,-1,-1
1264,772,130.75,283.67,99.92,95.00,0.49,-1,-1,-1
1264,779,289.00,238.17,91.00,89.67,0.49,-1,-1,-1
1264,799,206.00,214.17,85.67,62.33,0.50,-1,-1,-1
1265,772,67.12,332.33,133.71,121.33,0.47,-1,-1,-1
1265,779,289.33,238.00,90.67,89.33,0.49,-1,-1,-1
1265,799,197.33,219.83,86.67,63.67,0.50,-1,-1,-1
1266,779,289.67,238.00,90.67,89.00,0.49,-1,-1,-1
1266,799,169.58,232.33,96.08,71.67,0.49,-1,-1,-1
1266,800,0.00,433.33,125.17,201.33,0.45,-1,-1,-1
1266,801,924.67,151.58,65.33,26.58,0.41,-1,-1,-1
1267,779,290.00,238.00,90.33,89.00,0.49,-1,-1,-1
1267,799,133.92,250.17,107.08,79.67,0.49,-1,-1,-1
1267,802,645.33,148.42,86.67,28.75,0.48,-1,-1,-1
1267,803,1132.67,154.67,66.67,27.33,0.41,-1,-1,-1
1314,804,1248.00,280.00,32.00,32.00,0.46,-1,-1,-1
1343,805,99.00,286.00,38.83,33.00,0.43,-1,-1,-1
1344,806,54.04,307.67,50.63,46.00,0.45,-1,-1,-1
1345,807,0.21,337.33,60.50,70.00,0.47,-1,-1,-1
1345,808,187.00,282.33,42.00,39.67,0.42,-1,-1,-1
1346,809,188.33,306.17,60.67,58.17,0.47,-1,-1,-1
1346,810,1249.33,284.33,30.67,30.33,0.40,-1,-1,-1
1347,811,150.00,350.33,101.67,104.67,0.49,-1,-1,-1
1347,812,1254.67,267.33,25.33,25.00,0.40,-1,-1,-1
1348,813,40.33,451.33,184.67,232.00,0.45,-1,-1,-1
1354,814,150.75,276.00,46.25,46.67,0.44,-1,-1,-1
1355,815,119.08,290.00,62.25,62.67,0.47,-1,-1,-1
1356,816,73.62,311.00,84.71,88.67,0.49,-1,-1,-1
1357,817,11.00,341.67,116.08,118.00,0.51,-1,-1,-1
1400,818,802.67,275.17,340.00,233.50,0.48,-1,-1,-1
1401,819,951.33,343.33,328.67,227.33,0.43,-1,-1,-1
1406,820,511.33,229.00,153.33,101.00,0.43,-1,-1,-1
1407,820,496.00,229.00,132.00,87.67,0.44,-1,-1,-1
1408,820,486.00,229.50,128.67,82.67,0.42,-1,-1,-1
1409,820,484.00,227.83,126.00,82.00,0.41,-1,-1,-1
1410,820,486.67,228.00,120.00,81.67,0.43,-1,-1,-1
1411,820,473.67,229.17,132.67,76.67,0.44,-1,-1,-1
1412,820,471.33,228.33,135.33,80.67,0.43,-1,-1,-1
1413,820,470.67,228.33,136.00,81.33,0.41,-1,-1,-1
1414,820,477.67,228.50,129.33,81.33,0.39,-1,-1,-1
1415,820,474.00,229.00,132.00,77.67,0.43,-1,-1,-1
1416,820,488.67,228.00,118.00,81.67,0.42,-1,-1,-1
1417,820,486.00,228.50,120.67,81.67,0.46,-1,-1,-1
1418,820,484.33,227.83,122.67,82.00,0.41,-1,-1,-1
1419,820,484.67,227.67,122.67,81.67,0.40,-1,-1,-1
1420,820,484.33,228.00,122.67,81.33,0.41,-1,-1,-1
1421,820,484.00,228.00,122.67,81.33,0.41,-1,-1,-1
1422,820,484.00,228.00,122.67,81.33,0.41,-1,-1,-1
1423,820,484.00,228.17,122.67,81.00,0.41,-1,-1,-1
1424,820,484.67,227.83,122.67,83.67,0.39,-1,-1,-1
1425,820,483.00,228.33,122.67,83.33,0.42,-1,-1,-1
1426,820,483.00,228.33,131.33,82.67,0.39,-1,-1,-1
1427,820,482.67,228.00,124.67,81.67,0.40,-1,-1,-1
1428,820,483.67,228.33,122.67,82.33,0.44,-1,-1,-1
1429,820,483.33,228.67,123.33,83.00,0.45,-1,-1,-1
1430,820,483.67,228.83,122.67,83.67,0.45,-1,-1,-1
1431,820,483.67,229.00,122.67,82.00,0.44,-1,-1,-1
1432,820,484.00,229.00,122.67,82.67,0.45,-1,-1,-1
1433,820,484.00,229.17,122.67,82.33,0.45,-1,-1,-1
1434,820,484.00,229.33,122.67,82.67,0.46,-1,-1,-1
1434,821,1226.67,273.00,34.67,29.33,0.43,-1,-1,-1
1435,820,484.00,229.33,124.00,81.67,0.44,-1,-1,-1
1436,820,483.67,229.00,128.67,82.67,0.45,-1,-1,-1
1437,820,484.00,229.00,122.00,83.33,0.42,-1,-1,-1
1438,820,485.33,228.00,120.67,80.67,0.44,-1,-1,-1
1439,820,486.00,228.00,120.00,81.00,0.44,-1,-1,-1
1440,820,485.67,228.00,120.67,80.67,0.44,-1,-1,-1
1441,820,485.33,228.00,120.67,80.67,0.45,-1,-1,-1
1442,820,486.00,227.83,120.00,80.33,0.43,-1,-1,-1
1443,820,486.33,227.67,120.00,80.67,0.42,-1,-1,-1
1444,820,486.33,227.67,120.00,80.67,0.43,-1,-1,-1
1445,820,486.00,228.00,120.67,80.00,0.42,-1,-1,-1
1446,820,483.67,228.83,122.00,78.67,0.42,-1,-1,-1
1447,820,483.33,228.67,122.00,77.00,0.40,-1,-1,-1
1448,820,484.00,228.33,122.00,83.33,0.45,-1,-1,-1
1449,820,483.33,228.33,122.67,81.33,0.42,-1,-1,-1
